all_results, all_fitness, num_evals
[-0.93132259 -0.00803883  0.93238529  0.00857406  0.00109231  0.00510758
  0.92955092  0.00158057 -0.00171738 -0.00975371] 3.340276105041099 1000448
[-9.62938142e-01 -9.66236564e-01 -6.46911976e-04  9.59745679e-01
  1.92670436e+00 -1.11767875e-02 -2.27858638e-03  9.56683102e-01
 -8.11992975e-03  9.54209064e-01] 5.209213585000754 1000448
[ 1.20519434e-02  8.13618878e-03  9.06462374e-03 -6.93937714e-04
  9.36947822e-01 -9.41919256e-01 -3.24259046e-03 -2.65628181e-03
 -9.55935541e-01 -9.37051801e-01] 3.94805356811704 1000448
[ 0.950873    0.94826766 -0.00397551  0.95929699  0.95528223 -0.96293665
  0.95209379  0.94954455 -0.00227735  0.00724182] 4.5111642897767545 1000448
[-0.01093849 -0.91675833  0.92925976 -0.01504653 -0.00473906 -0.01340349
 -0.00334407 -0.00528272  0.9384991  -0.002267  ] 4.084981864254825 1000448
[-5.20472027e-03 -2.49821460e-03  2.16246775e-04  6.91406091e-03
 -2.32131929e-03 -8.72067044e-01 -1.83502908e-03 -1.13947275e-03
  1.61726787e-03 -3.69615874e-04] 2.972005897002362 1000448
[ 1.92949259 -0.00594649 -0.95624875  0.00498643  0.96309795  0.00431668
  0.97415664 -0.96792707  0.00238526 -0.96604961] 4.914301562655936 1000448
[-5.33605798e-04  6.19341639e-03 -5.30460447e-03  9.24540117e-01
 -6.38056639e-04  6.82274415e-03 -1.74272570e-03 -2.82711350e-03
  9.28644683e-01  9.51048176e-01] 3.9203207233428796 1000448
[-1.18282527e-02  2.60582042e-03  9.42723300e-01  9.20390529e-01
  5.99731860e-03 -9.24640305e-01 -2.00745213e-03  1.19998190e-03
 -3.71213358e-04 -3.90767462e-03] 3.2809434542726916 1000448
[ 9.62411683e-01 -9.59892414e-01  2.77435820e-03 -9.42989013e-01
 -9.34335755e-01  1.15059238e-02 -7.28357645e-03  1.04915505e-02
  9.60688137e-04 -9.45945388e-01] 3.9780819081075056 1000448

Giá trị trung bình (mean) của Ackley (d=10, n=512) trong CEMv2: 4.0159342957571855
Độ lệch chuẩn (std) của Ackley (d=10, n=512) trong CEMv2: 0.676955988466386