all_results, all_fitness, num_evals
[ 0.0143353   0.92157572  0.00137306  0.01643307 -0.00962497 -0.00419511
  0.93272805  0.92635462 -0.00749128  0.02495322] 4.062698186266378 1000064
[ 0.9422226  -0.97825525  0.95169158  0.98232333  0.94557411  0.00321149
 -0.01065261 -0.00360346 -0.00785838  0.00373332] 4.654569903738757 1000064
[ 5.41560420e-03  6.91947542e-03  2.35448994e-02  9.53839375e-01
 -1.05121924e-02 -9.34121272e-01 -9.13982456e-01  1.10274526e-05
  9.32910610e-01 -1.10716089e-02] 4.156416875787379 1000064
[ 0.0016983   0.95583362 -0.90749995 -0.00376654  0.01357532  0.02600328
  0.9069826   0.00731541 -0.01764564  0.02134374] 3.9431835774763404 1000064
[ 0.9822748  -0.9710212  -0.01205638  0.9386344   0.01230683  0.95033465
  0.00782013 -0.01937198  0.9515923   0.95542472] 5.016946818395894 1000064
[ 9.48017412e-01  9.12793755e-03  1.34376447e-03  5.46301244e-03
  7.67419625e-03  4.64944862e-03  9.50934774e-01 -9.20771628e-03
 -5.57405283e-04  9.40775869e-01] 4.252620491875092 1000064
[-0.00978795 -0.00789802 -0.01680472  0.01865934  0.02746693 -0.01582993
  0.0013769   0.04116551 -0.8679988   0.02447967] 3.581222032597275 1000064
[ 0.00366684 -0.93420371  0.9313526   0.95053037 -0.94656325  0.01218545
 -0.00127335 -0.00352857  0.98403484 -0.0011852 ] 3.806005201760087 1000064
[-0.95945705  0.00614573  0.01153085 -0.00318289 -0.94508265  0.00544172
 -0.95477455  0.92662133  0.00810305  0.00675795] 4.297995255497831 1000064
[ 0.94976666 -0.9796256  -0.01396419  0.03381078 -0.00104045  0.94298875
 -0.014257    0.95401304 -0.95854948 -0.95631893] 4.852519542023149 1000064

Giá trị trung bình (mean) của Ackley (d=10, n=64) trong CEMv2: 4.262417788541818
Độ lệch chuẩn (std) của Ackley (d=10, n=64) trong CEMv2: 0.4356665999163547