all_results, all_fitness, num_evals
[-9.53235662e-01 -7.11664714e-04  9.60465628e-01 -9.50068109e-01
  5.55847472e-03  2.35065253e-02  9.60701070e-01  9.54770912e-01
 -9.47325009e-01  3.24412122e-03] 4.428502751106983 1000192
[ 0.01672872 -0.94916853  0.95467902  0.96177466  0.94740274  0.00735585
 -0.00381747  0.00278378 -0.95942497 -0.01242402] 3.9508319007846784 1000192
[ 0.01749767 -0.00592985 -0.01034056 -0.0018317   0.00652953  0.00363801
 -0.00042988  0.00671432  0.01010028 -0.00220519] 2.3250584121642324 1000192
[-6.80796718e-03  1.55301166e-03 -9.77447402e-01 -9.63963018e-01
 -2.08431456e-02 -1.92639035e+00  9.62604927e-01 -1.25141108e-03
 -9.71935299e-01 -2.12644359e-02] 4.90446182186686 1000192
[-0.93843009  0.01000408 -0.93350102  0.00444698  0.01314543  0.00287853
 -0.01046116  0.00332323 -0.01249691 -0.93653989] 4.169937243683769 1000192
[ 5.46541939e-03 -9.35193628e-01  8.56082369e-06 -7.94070075e-03
  3.59423325e-03 -9.51468276e-01 -9.44154248e-01 -2.30907146e-03
 -9.49129225e-01  2.66630924e-03] 3.7337459577160144 1000192
[ 1.92427746  0.01067143 -0.00283324  0.95834082  0.96367318 -0.00352862
  0.95823407 -0.00765557  0.0053282   0.00203133] 4.333545054320108 1000192
[-9.68988555e-01 -9.57547169e-01 -8.63002240e-03  6.30726894e-03
 -1.92114099e+00  2.95279083e-03 -1.88862136e-03  1.16640500e-03
  9.72242148e-01 -4.20042612e-03] 4.58453936425412 1000192
[-0.00429654 -0.94899066  0.00255521  0.00181659 -0.00883642 -0.95850991
 -0.95057093 -0.94689312  0.94562689  0.00400954] 4.089097067010698 1000192
[ 9.52948217e-01 -1.23593819e-02  9.48981321e-01 -2.99946679e-03
  1.36229995e-02  9.52306955e-01  1.54202683e-03 -2.20123283e-04
 -9.42126683e-01 -9.40893468e-01] 3.960880146889917 1000192

Giá trị trung bình (mean) của Ackley (d=10, n=256) trong CEMv2: 4.048059971979738
Độ lệch chuẩn (std) của Ackley (d=10, n=256) trong CEMv2: 0.659438557729298