all_results, all_fitness, num_evals
[ 6.87807921e-03 -7.74830919e-03  9.71529703e-01 -1.93611249e+00
 -9.64504770e-01 -5.65588174e-04  9.58087303e-01  9.71094158e-01
  9.68976807e-01  9.61632263e-01] 4.75994940864652 1000448
[-0.94303641 -0.94986521  0.00312758  0.00256752  0.93956006  0.00647184
 -0.00590011 -0.00789784 -0.00845505 -0.95291807] 4.305344177153067 1000448
[ 0.00996716  0.00786135 -0.00606945  0.97077641  0.95690692 -0.95815982
 -0.95943344  0.96323833  0.96353068 -0.96056598] 4.775419929350569 1000448
[-9.60399662e-01 -7.58628211e-03  9.47372710e-01  9.61876589e-01
 -9.61408143e-01 -9.48432360e-01  6.74788742e-04 -2.41530340e-03
 -3.79797031e-03 -9.60760206e-01] 4.299593502406619 1000448
[ 5.41216534e-03 -9.44598503e-01  9.40627367e-01 -3.99822552e-03
  1.97845669e-03  2.30837434e-03  7.57474605e-03  2.97984203e-04
  9.33833186e-01  9.41139214e-01] 4.097362033712773 1000448
[ 1.90630939e+00  4.81888407e-04  1.40086831e-03 -9.54979218e-01
 -8.84835464e-03 -9.57764507e-01  8.41817364e-04 -1.05308770e-03
 -4.42848850e-03  1.99413590e-03] 4.325444596418741 1000448
[ 1.91454347e+00  5.59892210e-03  1.81623372e-03  1.17421271e-02
 -4.15463971e-03 -1.16008597e-03  9.66961599e-01 -9.47602864e-01
  2.86302497e-03 -9.63748994e-01] 4.381145027968028 1000448
[-0.00115625  0.97574785 -0.00522157  0.96536012 -0.9689199  -0.96862461
  0.96292116  0.9548283   0.96388542  0.96328103] 4.838881571172546 1000448
[ 9.62706095e-01  9.59342491e-01  9.67189101e-01  9.61002234e-01
 -7.24335255e-03 -9.58280588e-01 -1.97653269e-03 -9.49809811e-01
  4.06608013e-05  6.29520659e-03] 4.791040685344488 1000448
[ 0.95900493  0.01403417  0.96068311 -0.95474149  0.00527688  0.95879213
 -0.94789853  0.96369125 -0.00235984  0.00856915] 3.8606888444259586 1000448

Giá trị trung bình (mean) của Ackley (d=10, n=1024) trong CEMv2: 4.443486977659931
Độ lệch chuẩn (std) của Ackley (d=10, n=1024) trong CEMv2: 0.31694224203860055