all_results, all_fitness, num_evals
[-0.00709146 -0.00304255  0.01060782 -0.93367092 -0.93429401  0.00984199
  0.00893028 -0.00299482 -0.92588197  0.01384787] 4.173210884705124 1000064
[-1.79333487e-02 -9.50070474e-01  9.55942816e-01  9.24308668e-01
 -1.57995522e-03 -4.82050783e-04  5.98608789e-03 -8.52306293e-03
  9.50763256e-01 -2.67993322e-03] 4.098715890074239 1000064
[ 0.01996071  0.95630162  0.94703043  0.95538096  0.02645319 -0.00619503
 -0.00370915  0.93434265 -0.01095877  0.01223562] 4.376329826519189 1000064
[-0.01021028 -0.01286562 -1.97122846 -0.00507708 -0.00242305 -1.94874368
  0.94444693  0.97733409 -0.97421105 -1.96539286] 6.050240336829837 1000064
[-1.31076140e-02  1.12776967e-03  6.13036194e-03  9.42534935e-01
 -1.64167202e-03  9.21802366e-01  4.72808335e-03  8.44337595e-04
  9.34186908e-01 -5.74138902e-03] 4.146637187185668 1000064
[ 0.59702531  0.56087232  0.53654621 -1.28498293 -0.4604269  -0.39317493
  0.54586396  0.57703648 -0.26279331  0.62034033] 12.217730401710233 1000064
[ 0.94686927  0.01617167  0.00955832  0.95738647  0.95440702  0.00519989
 -0.95486347  0.97973797 -0.0211001   0.01107298] 3.9981409869137328 1000064
[ 0.01041512 -0.00798048  0.96671103  0.96274016 -0.96145523 -0.95467184
  0.00759886 -0.00624578  0.98500253  0.94828448] 4.747755192147281 1000064
[-5.18078735e-03 -9.47273890e-01 -9.38783594e-01  9.47177852e-01
 -9.43603648e-01 -7.95772892e-04  1.14012960e-02 -2.37676037e-04
  9.48915385e-01 -6.19695224e-03] 4.203052764068186 1000064
[ 9.78467916e-01 -9.89216583e-01 -8.57872265e-03  1.19629051e-03
 -3.59133148e-03  1.95639451e+00  9.55108804e-01  9.77671347e-01
 -9.84610302e-01 -1.95274275e+00] 5.699794345136755 1000064

Giá trị trung bình (mean) của Ackley (d=10, n=128) trong CEMv2: 5.371160781529025
Độ lệch chuẩn (std) của Ackley (d=10, n=128) trong CEMv2: 2.3796282371521515