all_results, all_fitness, num_evals
[5.39448209e+147 5.39448213e+147 5.39448213e+147 5.39448213e+147
 5.39448213e+147 5.39448213e+147 5.39448213e+147 5.39448213e+147
 5.39448213e+147 5.39448213e+147] 22.345253213811183 10048
[-1.17626255e+147 -1.17626255e+147 -1.17626255e+147 -1.17626255e+147
 -1.17626255e+147 -1.17626255e+147 -1.17626255e+147 -1.17626255e+147
 -1.17626255e+147 -1.17626255e+147] 22.328750274286378 10144
[-3.64137157e+147 -3.64137157e+147 -3.64137157e+147 -3.64137157e+147
 -3.64137157e+147 -3.64137157e+147 -3.64137157e+147 -3.64137157e+147
 -3.64137157e+147 -3.64137157e+147] 22.339980599047315 9856
[ 0.03612704  0.93262589 -0.92532937  0.05111442 -0.01511065 -1.01642709
  0.00279654  0.03240054 -0.8798044  -0.9154809 ] 5.341908236068836 1000032
[-4.7371786e+147 -4.7371785e+147 -4.7371785e+147 -4.7371785e+147
 -4.7371785e+147 -4.7371785e+147 -4.7371785e+147 -4.7371785e+147
 -4.7371785e+147 -4.7371785e+147] 22.326722466754664 9952
[ 0.89797763 -0.03544823 -0.91756656  0.07519475 -0.8725341  -0.92647003
 -0.03736487  0.00138543  0.02926848  0.93576987] 5.083845532871116 1000032
[-0.94136901  0.93404072  0.0700853  -0.0136407  -0.83587689 -0.004709
  0.79436283  0.01276794 -0.8664856   0.00750169] 5.20633939365479 1000032
[2.50304404e+147 2.50304378e+147 2.50304378e+147 2.50304378e+147
 2.50304378e+147 2.50304378e+147 2.50304378e+147 2.50304378e+147
 2.50304378e+147 2.50304378e+147] 22.340688681382087 10016
[-2.39960289e+147 -2.39960303e+147 -2.39960303e+147 -2.39960303e+147
 -2.39960303e+147 -2.39960303e+147 -2.39960303e+147 -2.39960303e+147
 -2.39960303e+147 -2.39960303e+147] 22.274286003650253 10048
[ 0.89110961 -0.91338932  0.04436416 -0.03278547 -0.99471961  0.07270762
  0.01822294  0.00108373 -0.0209515  -0.90168066] 4.525810578695712 1000032

Giá trị trung bình (mean) của Ackley (d=10, n=32) trong CEMv2: 15.411358498022233
Độ lệch chuẩn (std) của Ackley (d=10, n=32) trong CEMv2: 8.470900658962615