all_results
[(array([-0.02074061, -0.01699776,  1.01650923,  0.05995332, -0.05657229,
          0.98477491, -0.04595994,  0.96903595,  0.94119544, -0.00349337]),
  6.685083080922999,
  1000449),
 (array([-0.0388574 , -0.02866616, -0.95513074,  0.9936217 , -1.01509203,
          0.01775544,  0.00976381, -0.94471002, -1.03704613, -0.04344126]),
  7.126844010540287,
  1000449),
 (array([-2.99635745e-02, -4.29677759e-02,  5.23265263e-02,  7.33829717e-02,
          2.13133250e-04, -4.52552226e-02,  1.03336515e+00, -1.14744912e-01,
         -3.72790689e-03, -3.45800366e-02]), 6.560599046708495, 1000449),
 (array([ 9.16897439e-01,  3.36049724e-02, -7.08318636e-02,  8.33639663e-03,
          9.96027765e-01, -1.02299720e+00,  9.72019045e-01,  9.81215148e-01,
          9.03954157e-04, -5.58923245e-02]), 8.280195936176941, 1000449),
 (array([ 0.06272975,  0.02556203, -0.02316194,  0.03126359,  0.91770935,
          1.00999144, -0.03670466,  0.94782399, -0.08936242, -0.01810588]),
  7.694036252102238,
  1000449),
 (array([ 0.02100695, -0.04929676, -0.95376221, -1.0235864 , -0.95526278,
         -0.05305311, -0.01598726, -0.9639538 , -0.01763353, -0.04364049]),
  6.582419824783431,
  1000449),
 (array([-1.00180781, -0.03317238, -1.03419359,  1.00693678, -0.03303229,
          1.03648952, -1.00728584, -0.02731169, -0.01258462,  0.02446937]),
  6.419041047513941,
  1000449),
 (array([ 0.01730357,  0.07609519, -0.03042361, -0.0127407 , -0.91188851,
          1.02512991,  0.02646449,  1.00340148,  0.95962182, -0.01748195]),
  7.351625146792568,
  1000449),
 (array([-0.01907133,  0.00458541, -0.0399245 , -0.93979233,  1.01101788,
         -1.08993877,  0.01494591,  0.0092231 ,  0.08546065,  0.05564641]),
  6.819891489653623,
  1000449),
 (array([-1.03444792,  0.98555095,  0.00548527,  1.02285354,  0.03308674,
          0.94913284,  0.06684868,  1.02676269, -0.0671914 , -1.00938058]),
  9.082384499638916,
  1000449)]

Giá trị trung bình (mean) của Rastrigin (d=10, n=512) trong DE: 7.260212033483344
Độ lệch chuẩn (std) của Rastrigin (d=10, n=512) trong DE: 0.821955669615168