all_results
[(array([ 1.00546738, -0.95802816,  0.07769763,  0.00891743, -1.02378824,
         -0.94495114, -0.07864187,  0.00783787, -0.87964279,  0.05888057]),
  11.509195200396384,
  1000449),
 (array([ 0.06572459, -0.07309465, -0.03097411, -1.00466711, -0.01384124,
         -0.09930431, -0.86770546,  1.00972255,  0.06592057,  1.01298941]),
  11.982767403017158,
  1000449),
 (array([-3.69564168e-02,  9.30190833e-01,  9.44140752e-01,  9.34657391e-01,
          9.14259396e-01, -2.61454755e-02,  6.03762948e-02,  9.51227366e-01,
         -3.88458774e-02,  8.88987269e-05]), 10.058039602066152, 1000449),
 (array([ 0.94728675, -0.99641648, -0.86064913, -0.95154892,  0.01018116,
          0.01060312,  0.03939596,  0.09711186,  1.01323622,  0.0022508 ]),
  11.36194461562527,
  1000449),
 (array([-0.08389798, -0.95596201,  0.05013923,  1.02123912,  0.02513738,
         -1.03959892, -1.00561773, -0.9809083 ,  1.01580882,  0.93124056]),
  10.717836953274789,
  1000449),
 (array([-0.90360124,  0.05583826, -1.07427888, -0.03323995,  0.07040313,
          0.05572468,  0.02648469,  0.87854512, -0.95585562,  0.06129181]),
  12.942866864058992,
  1000449),
 (array([ 0.05736569, -0.02578657, -0.03759135,  0.09458932,  0.03922566,
         -0.05607385, -0.91046558,  0.95362137, -0.0438523 ,  0.02164598]),
  7.874297374199214,
  1000449),
 (array([ 0.07530316, -0.00761967,  0.00564094,  0.0243426 ,  0.97572165,
         -0.92101476, -0.12979518,  0.99228276,  0.00206338,  0.91093869]),
  10.876548471965165,
  1000449),
 (array([-0.03245905,  1.05213294, -0.07480306, -0.11818315,  0.98854641,
         -0.03957057,  1.02698627,  0.02252967,  0.05575512, -0.03347008]),
  9.026243109145234,
  1000449),
 (array([ 1.02621917, -0.1074155 ,  1.93818504,  0.92706896, -1.03187228,
         -1.02048798, -0.02345385,  0.05522713, -1.0058594 , -0.97014366]),
  15.01685810067533,
  1000449)]

Giá trị trung bình (mean) của Rastrigin (d=10, n=1024) trong DE: 11.13665976944237
Độ lệch chuẩn (std) của Rastrigin (d=10, n=1024) trong DE: 1.8901617914088897