all_results, all_fitness, num_evals
[ 0.02108332  0.00384071  0.02064975  0.01964642 -0.01315416  0.00234244
 -0.00294016  0.01128826  0.02474509  0.01181466] 1.0183041685578493 1000064
[-0.00889659  0.01411996 -0.02174438  0.00094057 -0.0078259   0.01023706
  0.00365866  0.00814385 -0.00055479  0.00890389] 0.6174018208756699 1000064
[ 0.02599325  0.02213312 -0.0026639   0.00400777 -0.02501448  0.0014494
  0.03695867 -0.00151873  0.015381    0.01048358] 0.6138193240265756 1000064
[ 0.0040932  -0.00232129 -0.01229972  0.00364138  0.02918386 -0.00149645
 -0.00048415  0.0195264   0.03201041  0.01354753] 0.7773616300117316 1000064
[-0.01626194  0.02555122 -0.00013596 -0.01612229 -0.00671658 -0.01472229
 -0.00638752  0.01405811  0.00371478 -0.01121601] 0.7450738065416498 1000064
[ 0.01289681 -0.01007256  0.01854029 -0.00908134  0.01226144 -0.00523083
 -0.01149194 -0.01092137 -0.00066912  0.01843653] 0.8246026488161301 1000064
[-0.01834783  0.04437354  0.00586586  0.00752257 -0.00512716 -0.0025561
  0.00227048  0.04256934  0.00248134 -0.01778687] 0.7658186439457935 1000064
[-0.02017132 -0.00969001 -0.01467304  0.01203347  0.00256665 -0.00841692
  0.00095667 -0.00670024  0.00908568  0.01281511] 0.35612989655227767 1000064
[-0.0254651  -0.00974159  0.00604303  0.0032389   0.00019845  0.00044774
 -0.00466596  0.00867688  0.00198701 -0.0216052 ] 0.7080280842691957 1000064
[-0.00059887  0.00478282  0.00503161 -0.03125483 -0.01099101 -0.01663541
 -0.0309027   0.01179042 -0.01263414 -0.01355359] 0.860946223109251 1000064

Giá trị trung bình (mean) của Sphere (d=10, n=64) trong CEMv2: 0.7287486246706125
Độ lệch chuẩn (std) của Sphere (d=10, n=64) trong CEMv2: 0.16715006621448764