all_results, all_fitness, num_evals
[ 0.00232457  0.05843905  0.09314171  0.0279559   0.05395591  0.04491694
  0.04134839  0.03611681  0.09788599 -0.00511185] 3.579822103589468 1000032
[ 0.0483677   0.00186896 -0.00885133  0.02593791  0.04103317 -0.04779357
 -0.04504335  0.03460469  0.08869276 -0.03037283] 1.2238303964461228 1000032
[-0.04389158  0.09808651  0.049986   -0.02650692  0.01569043 -0.05312947
 -0.00064519  0.00453412  0.0270579   0.01678844] 1.5174749174765827 1000032
[ 0.07754584 -0.00494859  0.04920298  0.00137965 -0.01529361  0.03196034
  0.02732221 -0.00534572 -0.00977291 -0.01559719] 1.3395297216911373 1000032
[ 0.00842217  0.01162404 -0.04056894 -0.00929548 -0.06880352 -0.02352669
 -0.00262721 -0.06432113  0.05982324  0.05357442] 1.7931657481150607 1000032
[ 0.04599473  0.06270818  0.0312921   0.02464161  0.09421088 -0.09366316
  0.03017315 -0.00805538 -0.03420119  0.03698397] 3.129357303883063 1000032
[ 0.06801504 -0.06126802 -0.00229026  0.05348497  0.07373387  0.00532042
  0.00053723 -0.06559561 -0.0222136   0.03783584] 1.8554535138123769 1000032
[ 0.01904183  0.06125786 -0.02471709  0.05022967 -0.01046981  0.05097062
  0.0452747  -0.01844554  0.03885767  0.00963464] 0.9308704882752178 1000032
[-0.06351773 -0.02232265  0.05966608 -0.07208593  0.04893075  0.01260488
  0.00011654  0.02849444 -0.05843463  0.01433104] 0.8996586007866486 1000032
[ 0.09214926  0.02747235  0.07098598 -0.07006668 -0.09078567 -0.02533248
  0.00684718  0.08422182 -0.03413268  0.06058675] 1.0051029065590111 1000032

Giá trị trung bình (mean) của Sphere (d=10, n=32) trong CEMv2: 1.7274265700634686
Độ lệch chuẩn (std) của Sphere (d=10, n=32) trong CEMv2: 0.8779007448252798
