all_results, all_fitness, num_evals
[-0.00500155  0.00440752  0.00665325  0.01252858  0.01054219  0.00397547
 -0.00265616  0.00101775 -0.008574    0.00232341] 0.5278463899171919 1000192
[ 0.00266366 -0.00209701 -0.00311584  0.00792912  0.00469205 -0.00938227
  0.00236061 -0.00268843 -0.01864999  0.00119007] 0.36113910350109385 1000192
[ 0.01186697 -0.00235503 -0.00069696  0.01100857  0.0050732  -0.00801656
 -0.00268137 -0.00449835  0.00599952 -0.00142759] 0.488676128174638 1000192
[-0.01059874 -0.00736988 -0.00606013 -0.00962277 -0.00696724 -0.00501239
 -0.01274541 -0.01001941 -0.0051917   0.00627389] 0.4930021649336523 1000192
[ 0.00503346 -0.01090719  0.00616251  0.01348105  0.00219923  0.00562666
  0.00757703 -0.01986861  0.00249684  0.0011049 ] 0.5952575752969727 1000192
[-0.01225798 -0.00867998 -0.00984999 -0.00886636 -0.00014481 -0.00084965
 -0.00852279 -0.0060283  -0.00306214  0.00278576] 0.7107302861421769 1000192
[ 0.00254447  0.00673129  0.00214146  0.00444439  0.01174157  0.0040306
 -0.00408453  0.00447159 -0.00929718  0.00914878] 0.6787530324784317 1000192
[-1.16146744e-02  6.80597990e-03 -9.53148567e-05 -1.87765288e-03
 -2.57558003e-03  6.65079775e-03  1.04030091e-02 -4.90947036e-03
 -2.05386599e-03  8.09991350e-03] 0.5884730338847615 1000192
[-0.00502669 -0.00394783 -0.00351412 -0.00976642 -0.01340038  0.00010847
 -0.01105052  0.00926608  0.01123655  0.00679998] 0.39455905003239516 1000192
[ 0.01302829  0.00722795  0.00610792  0.00140406 -0.00763354 -0.00013762
 -0.00172727  0.01187902 -0.00084162 -0.00193195] 0.46065015913765517 1000192

Giá trị trung bình (mean) của Sphere (d=10, n=256) trong CEMv2: 0.5299086923498969
Độ lệch chuẩn (std) của Sphere (d=10, n=256) trong CEMv2: 0.10826691941485164