all_results, all_fitness, num_evals
[-0.006411   -0.01170005 -0.00436924  0.01211627 -0.00472135  0.00143559
  0.00293969  0.00484448  0.00090708  0.00044099] 0.42995555123619517 1000448
[ 0.00458864 -0.00489224 -0.00869373  0.00411055 -0.00048475 -0.01034229
  0.00126189  0.00554657 -0.0019403  -0.00109667] 0.5788360174638529 1000448
[ 8.45862529e-03  6.36019535e-03 -1.65408808e-03 -2.49625916e-05
  1.53152564e-03  4.53655741e-03 -2.79082875e-03 -6.71194794e-04
  8.16038642e-03  1.00931338e-03] 0.5870467160803164 1000448
[-0.00498348  0.0023788  -0.00035009 -0.00341923 -0.00040188 -0.00799599
  0.00140762  0.00581674 -0.00931506  0.00342825] 0.400096228328315 1000448
[-0.00372454  0.00630759  0.00356403  0.00574809  0.00233961 -0.00172137
  0.01080899 -0.01043454 -0.01185357  0.00724843] 0.5106887022723626 1000448
[-5.16884562e-03 -6.79074655e-03  1.97293086e-05 -1.79724056e-03
 -1.20304180e-02  6.69915747e-03  2.94937918e-03 -1.47854859e-02
 -2.19522655e-04 -3.19718741e-03] 0.48672483471902556 1000448
[ 0.00709486 -0.00307187 -0.00031617  0.00147503  0.00066477 -0.00403478
  0.00254264 -0.00024516  0.00183268  0.00044156] 0.35746412374850967 1000448
[ 0.00161153  0.01187851  0.0097498   0.00659745 -0.00916269 -0.00892309
 -0.00254523  0.00417214  0.00686322 -0.00066713] 0.4548117775609942 1000448
[-0.00237408 -0.00172    -0.00873342  0.00817615  0.00106648 -0.00810847
  0.00115245  0.00584079  0.002049    0.00779117] 0.5920423246552268 1000448
[-0.01205905  0.00713757 -0.00334795  0.00728199  0.00959771  0.00493367
  0.00599078 -0.00900539  0.00767545 -0.00251176] 0.2578590460371432 1000448

Giá trị trung bình (mean) của Sphere (d=10, n=1024) trong CEMv2: 0.46555253221019416
Độ lệch chuẩn (std) của Sphere (d=10, n=1024) trong CEMv2: 0.10323076934952419