all_results, all_fitness, num_evals
[ 0.00730987 -0.00053065 -0.00477724 -0.00738615  0.00317214  0.00902112
  0.0059382   0.00620872 -0.00924973 -0.00117728] 0.4349976581333431 1000448
[ 0.0093149  -0.00305217 -0.00213066 -0.00452085  0.00307203 -0.00072385
  0.01193656  0.00140142  0.00013942  0.0121534 ] 0.49812932849310887 1000448
[ 0.00965557 -0.00211475  0.00024389  0.00137041  0.00037178  0.00165848
 -0.00682221  0.00166079  0.00361714  0.00594963] 0.5978895720987266 1000448
[-0.00778759 -0.01301188  0.00408758  0.0118897  -0.01318124 -0.00569708
 -0.00759654 -0.00210716  0.00150003 -0.00921114] 0.3950861284538129 1000448
[-0.00893645 -0.00084518 -0.00544228  0.00268835 -0.00312149  0.00020934
  0.0065556  -0.00883121 -0.00743972 -0.00680426] 0.678686369614647 1000448
[-0.00309076  0.00937921 -0.01217511  0.00734379 -0.00455662 -0.01038764
  0.0058337  -0.00317319  0.00467336 -0.0044374 ] 0.6053545871739973 1000448
[-0.00358603  0.01078899 -0.00582509 -0.00907621 -0.00063821  0.00389352
 -0.00053486 -0.00739575 -0.00371899  0.00171824] 0.562053527003438 1000448
[ 0.00917304 -0.003571    0.00413455 -0.0082228   0.01490929 -0.00305706
 -0.00110685 -0.00150469  0.01051648 -0.00088466] 0.514596092266903 1000448
[-0.00735422 -0.00402453  0.01431934 -0.00707198  0.00508031 -0.00680015
  0.00745654 -0.00367625  0.00376639 -0.00779121] 0.32188281601075497 1000448
[-0.00920017  0.00247329  0.01300571 -0.00572663  0.00817289  0.0025423
  0.00880045 -0.0053369   0.01527087  0.00159297] 0.3931933482525523 1000448

Giá trị trung bình (mean) của Sphere (d=10, n=512) trong CEMv2: 0.5001869427501283
Độ lệch chuẩn (std) của Sphere (d=10, n=512) trong CEMv2: 0.10725820672100338