all_results, all_fitness, num_evals
[ 1.46336806 -1.65493357  0.98032462 -3.82709512 -0.01148631  0.07832925
  3.04897465  2.25939153 -1.11540959 -1.22146349] 37.63142009782504 1000448
[ 0.14980207 -2.52102053  1.92979155  2.10359357  4.14652659 -0.85693694
 -2.29801487 -3.07494373  1.38774461 -0.96654234] 50.05140077384235 1000448
[-0.31765116 -3.23303356 -3.36638086  3.22582773  3.24122426  0.89250553
 -3.62010167  2.03797531  2.44129464 -1.30166021] 68.5067119677002 1000448
[-2.36070154  2.36346098  1.39249729  0.91295613  0.53927467 -3.81996819
  2.58605255  2.12023873 -2.99239876 -0.74141187] 49.50159323389834 1000448
[-0.394531    0.19750146  0.15400912  0.20971986  0.64837426  0.31709253
 -1.45558608 -0.69395053  0.59307159  0.4242988 ] 3.915361191733929 1000448
[ 4.30887741 -0.51142888  0.68428758 -2.73668993 -0.02214881 -2.45963042
  1.46509577  0.2708755  -1.90763603  0.90839779] 39.520118656317564 1000448
[ 1.22858008 -0.26220103  0.47641782  0.53129973 -1.31000809 -1.1789392
  1.453943    1.24553138 -0.69126831 -1.49335537] 11.566691385661619 1000448
[-1.23728148  2.09753943  1.11770492 -0.38589417 -3.61418273 -0.84339643
  0.75930829 -0.66823028  1.39601407  1.37841835] 25.9743233372311 1000448
[ 1.98630647 -1.55640748  2.10780205 -0.5029173  -1.71124014 -2.51456486
 -2.91689285  2.27320564  1.71406848  1.12064   ] 38.18454467055173 1000448
[ 4.80036866 -1.65938785  0.91696893 -2.81122839 -2.01264677  3.10070311
 -0.67534404  2.89382485 -1.78634863 -2.7669099 ] 67.88319479101662 1000448

Giá trị trung bình (mean) của Sphere (d=10, n=1024) trong CEM: 39.27353601057786
Độ lệch chuẩn (std) của Sphere (d=10, n=1024) trong CEM: 20.23004881018032
