all_results, all_fitness, num_evals
[ 1.63991654 -2.70569131  1.37344572 -5.67447692  0.34063617 -0.13026875
  3.74378388  4.22008568 -1.10496845 -1.7024624 ] 80.17351052654038 1000032
[-0.32884698 -2.53348454  3.54130638  2.48992161  4.75902929 -1.58190555
 -4.351202   -4.25534217  2.5816486  -0.32112457] 94.22695610607016 1000032
[ 0.56395829 -3.74035816 -4.49121573  5.11557591  3.49547233 -0.02776222
 -4.74994375  2.81634334  2.46570493 -1.44777491] 111.53706969972411 1000032
[-3.2516963   3.92246023  2.01901468  2.66134726  0.0201877  -5.01669461
  3.10249673  2.43550715 -4.60756287 -1.28505987] 100.7242404363579 1000032
[-0.86258512 -0.33886683  0.23856532 -0.12012439  1.16718789  0.65344462
 -1.94682911 -1.588888    1.41366587  1.38442977] 12.949350194256574 1000032
[ 5.58568899 -0.83819486  0.98278298 -3.5117527  -1.00760965 -3.45169176
  2.91738346 -0.93164294 -1.459513    1.7145494 ] 72.57915741496589 1000032
[ 2.50244565 -0.71596771  1.04286321  1.4033114  -2.78308669 -2.03282458
  2.46238283  2.00685562 -1.45960533 -2.42637439] 39.81817695284297 1000032
[-2.27977989  2.52024503  1.28054191  0.24161268 -4.37133693 -1.87551893
  1.17677412 -1.43072345  3.3681943   1.36999122] 52.52672916463242 1000032
[ 3.17448857 -3.08948243  1.8842488  -1.21935786 -2.79814982 -3.10643729
 -3.70752098  3.88627244  2.76674499  2.20919355] 83.52334078918213 1000032
[ 5.17489807 -3.12893531  2.30926754 -4.79685079 -1.36535468  4.10013595
 -0.39517552  4.43169145 -2.99177991 -3.33789693] 123.47596428122124 1000032

Giá trị trung bình (mean) của Sphere (d=10, n=32) trong CEM: 77.15344955657937
Độ lệch chuẩn (std) của Sphere (d=10, n=32) trong CEM: 32.19981406299771