all_results, all_fitness, num_evals
[ 1.3879382  -2.23009861  1.48110084 -4.36916389 -0.04450376  0.18672007
  3.56724348  2.94959636 -0.95575426 -1.9730783 ] 54.45165887592194 1000192
[ 0.04200823 -2.80903437  2.27651961  3.03092353  3.89562074 -0.42726355
 -1.75996392 -4.35548817  1.30447735 -1.19779951] 62.824027883022 1000192
[-0.01400281 -3.08923506 -3.56318172  3.66614236  3.67379379  0.57798843
 -4.03512516  2.14783973  2.1407207  -1.50494027] 77.25424551211178 1000192
[-2.63071225  2.6279347   1.58159284  2.34281867 -0.65769397 -3.36232348
  2.40991857  1.86322864 -3.70879527 -0.46596847] 56.80632093687322 1000192
[-0.76595879 -0.20649672  0.53367777 -0.1169801   1.78494023  0.30804633
 -1.33856155 -0.6256048   0.02357075  0.40336688] 6.555123031576934 1000192
[ 4.87908043 -0.62509365  1.25147051 -3.13244394 -0.65233795 -2.5154814
  1.70340861  0.41834476 -1.83334639  0.50639898] 49.021955053603534 1000192
[ 1.17121571  0.20315219  0.66031495  1.67394974 -1.78008414 -1.65856269
  1.33891965  1.34669945 -1.54210126 -1.4135036 ] 18.553044347773533 1000192
[-1.03304552  1.4683768  -0.04717982  0.57439917 -4.58885651 -2.03631316
  1.46043235 -0.5174918   2.69583805  2.02384046] 42.523782534916805 1000192
[ 2.41235004 -2.09096597  2.49449118  0.36439826 -2.1831447  -2.58502973
 -3.171053    1.99618376  2.38097218  0.38179803] 47.85046824037171 1000192
[ 4.60324999 -2.57766279  0.73944886 -3.37051114 -1.57855499  3.87585047
 -0.73467086  3.88809634 -2.36185265 -2.48339328] 84.65806313289859 1000192

Giá trị trung bình (mean) của Sphere (d=10, n=256) trong CEM: 50.049868954907005
Độ lệch chuẩn (std) của Sphere (d=10, n=256) trong CEM: 22.610591705884623