all_results, all_fitness, num_evals
[ 1.99480727 -2.76895414  0.7151243  -4.67853516  1.31147932 -0.09116729
  2.72980137  3.22331663 -0.47413574 -1.96173651] 57.689546970349504 1000064
[-0.43946746 -2.56831407  2.61759787  3.06321626  3.98556665 -0.92076119
 -2.82356301 -4.21411955  2.11903645 -0.81919199] 70.64972662105973 1000064
[-0.24017622 -3.2845681  -4.06533646  4.29513531  3.06235122  0.67031458
 -3.58505544  2.66026274  2.43516115 -1.94808875] 85.3032167146202 1000064
[-2.67287868  2.97061458  1.20875508  2.64559502 -0.33172385 -3.15635055
  1.85614206  2.39143517 -3.97961214 -0.93197665] 60.37180149075038 1000064
[-1.03122572 -0.10960655  0.75513909 -0.97525892  1.54913986  1.07885927
 -1.53567425 -0.65573429  0.94805867 -0.02369715] 9.848236400251226 1000064
[ 5.53679242 -0.9674219   1.23905369 -2.39835176 -0.44897912 -2.41262033
  1.44801585 -0.66206279 -2.78503402  1.450608  ] 57.29739490981317 1000064
[ 1.6645539   0.10773797  0.51130418  2.56079192 -1.73958375 -1.86566188
  1.19291228  1.063543   -1.98037113 -1.51522649] 24.880224796850804 1000064
[-1.39645406  2.03456279  0.00625958  0.60001497 -4.2984067  -1.98744913
  1.05859997 -0.84870544  2.77011339  2.06146466] 42.63994056395099 1000064
[ 3.00067916 -1.5786776   1.82892878  0.35140933 -2.37249227 -2.57846016
 -3.25652674  2.06939725  2.05646783  0.47927445] 46.58807905379779 1000064
[ 4.58529963 -2.9377038   1.13805321 -3.88070011 -1.60521433  4.35915877
 -0.79185568  3.96301622 -2.11355192 -2.71650193] 95.76807040351888 1000064

Giá trị trung bình (mean) của Sphere (d=10, n=128) trong CEM: 55.10362379249627
Độ lệch chuẩn (std) của Sphere (d=10, n=128) trong CEM: 24.568087242084477