all_results, all_fitness, num_evals
[ 1.94697629 -3.23347551  1.24457594 -4.65388095  0.72429849 -0.03996174
  3.4811825   3.19549196 -1.14803034 -1.5171766 ] 63.929461895274116 1000064
[-0.63254717 -2.6280387   3.62329356  2.26710319  4.55229034 -2.29337526
 -3.28232334 -3.92332862  2.50867626 -0.19175016] 84.05401250411786 1000064
[ 0.12898978 -3.53296339 -4.22828833  4.57525307  3.25971012  0.34335742
 -4.05356135  2.67961001  2.36555775 -1.53766505] 93.62538262833075 1000064
[-3.34395237  3.63959271  1.66588038  2.14756808 -0.32628557 -2.83568128
  2.38595021  2.05723199 -4.44950343 -0.9408008 ] 70.57155799520723 1000064
[ 0.02069638 -0.10823309  0.42346617 -0.5749026   1.51290206  0.80820604
 -1.90408952 -0.83948312  0.57494698  0.08649069] 8.132382438222145 1000064
[ 5.21954011 -0.73169093  1.11652776 -3.08908205 -0.00696098 -2.75218745
  1.98901277 -0.58596107 -2.43529447  1.27609634] 58.00122016944074 1000064
[ 1.4430422   0.11700643  1.33660425  1.79592012 -1.97351191 -2.26258362
  2.08129922  1.38345847 -1.90228183 -2.01895334] 30.062547723649487 1000064
[-1.93989452  2.29571668  1.15781005  0.47269884 -4.34886847 -2.65570361
  0.99630222 -0.38493338  3.0194791   1.38739312] 48.7457982928425 1000064
[ 2.45424968 -1.84221411  2.43920638  0.08594929 -2.11319007 -3.11509547
 -3.48981659  2.76831527  1.83436644  0.97822911] 53.70782318150599 1000064
[ 5.30737057 -3.49282973  1.55024133 -4.62357337 -0.73165843  4.39938813
 -0.74752099  4.17467798 -2.74509115 -3.09100428] 119.11521752827689 1000064

Giá trị trung bình (mean) của Sphere (d=10, n=64) trong CEM: 62.99454043568677
Độ lệch chuẩn (std) của Sphere (d=10, n=64) trong CEM: 29.996901622023323

