all_results, all_fitness, num_evals
[ 1.41217261 -2.2541563   1.66400371 -4.29095945  0.12028556  0.0935668
  3.09775545  2.45876464 -0.93572568 -1.36570733] 46.662268165857505 1000448
[ 0.23908375 -2.22987481  1.20723865  2.33182073  4.21757811 -1.05292674
 -2.10786827 -3.81190176  1.43827426 -0.23142388] 51.9168291688561 1000448
[-0.73334518 -2.94654214 -4.2060472   3.2355483   3.57997404  0.77425358
 -3.44837327  2.14439098  2.49740824 -0.89726737] 74.32702187208454 1000448
[-2.02033198  2.12614547  0.9773466   1.85156765 -0.20563085 -3.55145622
  2.96447309  1.98379199 -3.26588473 -0.86002098] 49.770040786274 1000448
[-0.36699104 -0.35200764  0.7605539  -0.04632907  1.46235475  0.08340933
 -1.32322282 -0.83040398  0.63917321 -0.02653665] 5.834354934202921 1000448
[ 4.5846416  -0.31623777  0.93694043 -3.35748681 -0.54049521 -2.33556266
  1.79701796  0.44870556 -1.96535099  0.74782797] 46.868969376850636 1000448
[ 1.14676681 -0.00376392  0.62266812  0.796848   -0.79806377 -1.62237553
  1.82889374  1.27957574 -1.41165917 -1.83889   ] 15.963243218922399 1000448
[-1.63739185  1.86798471  1.68021617 -0.50678251 -4.03970423 -1.1654384
  0.94483837 -0.48266416  1.77595802  1.56298387] 33.650460466437345 1000448
[ 2.12442711 -1.91089084  1.83230345 -0.07109205 -1.82596388 -2.46660612
 -3.11322266  2.0648272   2.20076557  1.16545219] 41.1026888184991 1000448
[ 4.74634953 -2.53398931  0.87851797 -2.8760228  -1.91637245  3.60872076
 -0.31093272  2.87489436 -1.58730743 -2.88385799] 73.88546409864782 1000448

Giá trị trung bình (mean) của Sphere (d=10, n=512) trong CEM: 43.998134090663235
Độ lệch chuẩn (std) của Sphere (d=10, n=512) trong CEM: 20.693817849228726
