all_results, all_fitness, num_evals
[ 0.89175038  0.739868    0.95558414 -0.31514044  0.95440759  0.12089175
  0.47032863 -1.43489284  1.15512736  1.19745661] 977.6553665101494 1000032
[ 0.48077637  0.5784767  -0.40449464  0.3497547  -0.64015289 -0.68370628
 -1.11488228 -0.01285534  0.46596289  0.20663044] 783.4137278998093 1000032
[ 0.25871471  0.9364018  -0.41543237  1.26407743  0.41168288  0.0505062
  0.1664777   0.06837168 -0.21363013 -0.29118318] 573.3672145880507 1000032
[ 0.11048293 -0.33628747 -0.20981465  0.1770787   0.11153901  0.2314041
  0.66447369 -0.10556129 -0.06140551  1.15145726] 863.8162285664597 1000032
[-2.00208621  0.27894757 -0.95902929 -0.49765156  0.35882652 -0.07080598
  0.35451157 -0.27744689 -0.38628982 -0.92465032] 721.8292078124989 1000032
[ 1.26615548  0.23776819 -1.05154039  0.72098584  0.12696101 -0.21339995
 -0.61860119  0.79313935 -0.15469575  0.58039882] 1084.0802466406594 1000032
[ 0.36197162  1.42988804  0.31344643  0.77327189  0.87973862 -0.95042304
  0.01298449 -0.04718953 -1.0807533   0.35609356] 803.080976543199 1000032
[ 0.43863853 -0.29692647  1.67245414 -0.03159824  0.36848794 -0.1614437
 -0.40218031  1.20546691  0.91465354  1.68808525] 562.3488926989861 1000032
[-0.61479203 -0.36887373  0.29761138  0.10894432  1.11948042 -0.18015222
  0.56835565  0.41582833 -0.13940832 -0.92592495] 240.550673496938 1000032
[-1.06252877 -0.91101213 -1.45764515  0.49179923 -0.99568264 -1.05233295
  0.56843777  0.34772231 -0.74611902  0.25252995] 600.2838998841078 1000032

Giá trị trung bình (mean) của Rastrigin (d=10, n=32) trong CEMv2: 721.0426434640858
Độ lệch chuẩn (std) của Rastrigin (d=10, n=32) trong CEMv2: 228.27586221135942