all_results, all_fitness, num_evals
[ 9.77629732e-03 -9.07845813e-03 -3.13640422e-03 -4.00315358e-03
 -1.00237838e+00  3.21333796e-03  9.95986215e-01  1.00467313e+00
  6.22278168e-03  7.34151498e-04] 76.06564758325239 1000448
[ 0.00648551 -0.99529905 -0.00578433  0.98376138  0.98789374 -0.00512291
 -0.99311616  0.00182149  0.99049326  0.0064878 ] 90.83913824054558 1000448
[-0.00859786 -1.00239312  0.00773221  0.99413921  0.99588557 -0.00188215
 -1.00234784  0.00385101 -0.99493594  1.00148551] 108.76915826082029 1000448
[-4.07341772e-03  4.48277207e-04 -2.89121144e-04 -7.62964397e-04
 -2.73723845e-03  3.78501287e-03 -2.12095072e-02 -8.75723226e-03
 -8.02870857e-04  9.83930680e-01] 65.75937673430117 1000448
[-0.99598479  0.99917343 -0.00497473  0.99374425 -0.00321729  0.00599545
  0.98241701  0.98971398 -0.01613079  1.00357019] 120.1236282196744 1000448
[-0.00951259 -0.00474712  0.0025287  -0.003168   -1.99182895 -0.98941984
  0.00216153 -0.00745879 -0.98939946 -0.00219159] 100.9350958793526 1000448
[ 2.91214628e-03 -1.99163972e+00  9.98923095e-01  3.66432922e-03
 -1.00601463e+00 -9.61864691e-04 -9.88272889e-01 -9.86606759e-01
  9.99751216e-01 -9.95750404e-01] 104.18950280118005 1000448
[ 6.77703500e-03 -9.65687819e-03 -3.72529183e-03 -3.83170114e-03
 -1.03037385e-02  8.66335953e-04  9.98562446e-01  1.00297265e+00
 -1.31924477e-03  9.95224233e-01] 86.82809486451505 1000448
[-2.32067376e-04 -4.00097574e-03  1.00586503e+00 -4.71124032e-03
  5.37217492e-03  9.88022622e-01  1.43105236e-02  3.10525628e-04
  9.94942694e-01 -1.22411907e-03] 61.470514784880955 1000448
[ 9.88698969e-01  3.68761227e-03  1.00397892e+00  7.81564413e-03
  9.33221678e-03 -8.32761431e-04 -2.18595618e-03  9.92907246e-01
  7.80531746e-03 -9.96192959e-01] 65.57138580812949 1000448

Giá trị trung bình (mean) của Rastrigin (d=10, n=512) trong CEMv2: 88.05515431766521
Độ lệch chuẩn (std) của Rastrigin (d=10, n=512) trong CEMv2: 19.3546795117489