all_results, all_fitness, num_evals
 0.61036354 -0.40480377  0.58012106 -0.39035292 -0.39216289 -0.40333562
  0.58295972  0.60096375  0.60320598 -0.4088026 ] 448.597779883391 1000448
[-9.91706634e-01 -9.94295596e-01 -3.43051715e-03  1.01753197e-03
  8.21268932e-04  9.77161667e-01 -2.02454933e-03 -9.97796478e-01
  9.95919690e-01 -9.98155752e-01] 97.67957232003053 1000448
[-9.91587403e-01 -9.87047862e-01 -9.96641302e-01  4.20511239e-03
  5.97317844e-03  4.85459795e-03 -9.99331839e-01  3.13595729e-04
 -3.06600493e-03  2.03162313e-03] 104.9750952863938 1000448
[-0.00651254  0.98721101  0.00279107  0.00162667 -0.01031696 -0.99314143
  0.99028813 -0.00410597  0.0016275   0.99590229] 71.2651115943631 1000448
[ 0.00217404 -0.00668176 -0.9992574  -0.98509573  0.00647541 -0.98651801
 -0.00196869  0.00680476 -0.00589589 -0.9927679 ] 91.99013014664645 1000448
[ 0.98356634  0.98949242  0.01126588 -0.00543851  0.00209536 -0.00414902
 -0.00705129  0.9803482   0.00352885  0.00360104] 85.92883048312446 1000448
[ 1.04096435e-02 -9.89074827e-01 -3.61756345e-04  2.28493321e-03
  1.78447150e-03 -5.59037663e-03  3.21037660e-03  9.89710323e-01
  9.98002752e-01 -1.90342867e-03] 68.63389806144976 1000448
[-0.00637087  0.00763368 -0.98450022 -0.99646577  0.0038121  -1.00177708
 -0.98981386  0.00260419  0.00403084  0.00403887] 84.24699949967012 1000448
[-2.21491991e-03  9.92372559e-01  1.00098698e+00  1.03172348e-02
 -1.14676262e-02  4.72033004e-03 -5.48830125e-03 -1.74529998e-03
 -7.31846916e-03  1.99269418e+00] 102.14318066695513 1000448
[ 0.99346561 -0.98022019  1.00794316 -0.99728457 -0.99342275  0.01478807
  0.00930839 -0.00804926 -0.00373477 -0.98676283] 52.70294058078066 1000448

Giá trị trung bình (mean) của Rastrigin (d=10, n=1024) trong CEMv2: 120.81635385228051
Độ lệch chuẩn (std) của Rastrigin (d=10, n=1024) trong CEMv2: 110.3534259945319