all_results, all_fitness, num_evals
[-0.98640377 -0.97574419  1.00509907 -0.99249103 -1.00395061  0.99843304
  0.00787135  0.03209085  0.99323347  1.00198199] 147.8551980230047 1000064
[ 0.11886695  0.3202223   0.19847411  1.01117058  0.07682365 -0.69688842
  0.2540661   0.09439682  0.04766587  0.24081516] 1454.8929291111988 1000064
[ 3.58610187e-04  1.01222910e+00 -9.27570278e-01  9.89203212e-01
 -1.39071866e-01  1.22005181e+00 -1.00605870e+00 -1.05363756e+00
  1.16022639e+00  9.93495453e-01] 1325.3317280819547 1000064
[-0.08808452  0.95104292  0.04670375  0.0786787  -0.05120781 -0.03033228
  1.01119664  1.00957254 -0.95536725 -0.0672146 ] 651.6851622858524 1000064
[ 0.46349531 -0.66338203  1.4275674  -0.71423506  1.36573137  0.24868395
  0.40576512 -0.69333007  1.22863788 -0.61838163] 2252.834212416862 1000064
[ 1.09594579  0.06728932  0.0636872  -1.07039518 -0.03686056 -2.0505707
 -0.30002158 -0.03795136  0.01512054  0.96965016] 930.4352079038403 1000064
[ 1.27480588 -0.73058955  1.16679911  0.35621036  0.14600182  0.26875204
  0.08906313 -0.67204724 -0.67574569 -0.77063074] 830.614117272246 1000064
[ 4.11004540e-04 -9.56713549e-01 -8.34407091e-03  1.22859516e-02
 -9.89407232e-01 -9.96884473e-01  1.00496991e+00 -1.61976226e-02
 -3.05919922e-02  3.81084013e-03] 71.71340564790835 1000064
[-0.91362384 -0.96025036  0.01331206 -1.67501946 -0.04876441 -1.80651011
  0.75298022  0.0874979  -1.23348592 -0.79428379] 1427.3520886932226 1000064
[-0.06486395  0.01515743  1.01631912  0.34304457  0.86344345  0.10132643
 -0.09373574  0.98489697 -1.12214043 -1.1581036 ] 2037.75588832147 1000064

Giá trị trung bình (mean) của Rastrigin (d=10, n=64) trong CEMv2: 1113.046993775756
Độ lệch chuẩn (std) của Rastrigin (d=10, n=64) trong CEMv2: 689.6994683209647