all_results, all_fitness, num_evals
[-0.00873224 -0.99517392  1.00600511 -0.97538173  0.00103757 -0.00375311
  0.99396919  0.00767288 -0.99629862  0.01395929] 102.67697276534287 1000064
[-0.00647934  0.00542171  0.00384197  0.99868272 -0.01156345 -0.9764698
 -0.0069999  -0.00465464 -0.01103238  0.98853454] 90.83135755124084 1000064
[-0.00575299 -0.98707887 -0.99892103 -0.00941016  0.00388797  1.01211265
 -0.9989302  -0.97129709 -0.99028613 -0.00652634] 102.90529224416208 1000064
[ 0.97907018  0.97475172  0.00499616 -0.00916828  0.00162441 -1.00548584
 -0.00939233  1.00341892  0.00179005 -0.0121328 ] 107.10458866135195 1000064
[-7.57207587e-03  6.35532360e-03 -1.87956120e-02 -9.82604877e-01
 -2.01944323e-02  9.98369293e-01  3.30882044e-04 -9.51289000e-03
  9.89185281e-01 -9.96995525e-01] 92.88521685436106 1000064
[ 0.99512379 -0.99386263  0.0050542  -0.99478333  0.00391632 -0.99086124
 -0.0118312  -0.02542838  0.00292145  0.99788394] 118.54820747863853 1000064
[ 0.00796649 -0.98243417  1.01543852 -0.99698966  0.98802051  0.01722083
  0.02235469  0.99518694 -0.0074665  -0.98670839] 87.4741339055713 1000064
[ 0.01159909 -0.98891895  0.02113239 -1.01110275 -1.0012197  -0.98186223
 -0.00192431  0.97943356  0.99216531  0.99658445] 98.35094732213358 1000064
[-1.45964809e-02 -9.87333630e-01 -3.39400456e-03  8.21188011e-03
  3.27941701e-03  8.38633612e-03  7.09768647e-04 -9.95443605e-01
 -6.94016271e-04  4.94945652e-04] 89.27388917826192 1000064
[ 0.00247024  0.01315427  0.9883645  -1.00081995  0.00688749  0.99699113
 -0.9947714   0.00984508 -1.00185139  0.00566888] 98.14554709982318 1000064

Giá trị trung bình (mean) của Rastrigin (d=10, n=128) trong CEMv2: 98.81961530608874
Độ lệch chuẩn (std) của Rastrigin (d=10, n=128) trong CEMv2: 8.994299835471256