all_results, all_fitness, num_evals
[ 2.99678068e-03  1.53479560e-03 -9.92779800e-01  5.72649026e-03
 -5.20776032e-03 -5.26292066e-04  1.00080296e+00  1.00020904e+00
  1.00142222e+00  9.94922109e-01] 85.45952422926342 1000192
[-0.97823467 -0.9902506   0.00715133 -0.0100354   0.98197219 -0.99993959
 -0.98118788 -0.9911534   0.98055157 -0.01124397] 67.7895926462809 1000192
[-0.9756559  -0.00237387 -0.99608593  0.98916806  0.02031307  0.99670598
 -0.99315119 -0.98387266 -0.0037391  -0.00430907] 89.14174625885525 1000192
[-0.9892096   0.9851701  -0.01543269 -0.99682911  0.0038389  -0.99938227
  0.00135395 -1.00680615 -0.99781895 -0.00124884] 88.57342853518864 1000192
[-0.99859235 -0.01005619  0.00427773  0.00215367  0.00440058  0.00166146
 -0.00414862  0.00393783 -0.00870505  0.00707431] 90.67100424327293 1000192
[ 0.97621024  0.00990882  0.00316931  0.99451707  0.00132928  0.00721988
 -0.00799939 -0.00714433 -0.00814147 -0.00434658] 112.7070042098693 1000192
[ 3.60375723e-03 -1.00028070e+00  9.85793227e-01  4.68212705e-03
  2.90883960e-03  6.63012378e-04 -1.69812945e-03 -1.51430640e-04
  2.01943874e-03 -9.80565986e-01] 101.38726314632588 1000192
[ 0.01052063  0.01021896 -0.98079148 -0.98364394  0.0012804  -0.00575324
  0.01785269  0.01211885  0.98331576 -0.00751949] 101.42695611691026 1000192
[-5.01083413e-04 -9.83116870e-01 -5.03227255e-03  4.08581463e-03
 -9.95493473e-01  9.86463555e-03  6.61188726e-03 -4.66076999e-03
  9.90143510e-01  1.00128465e+00] 71.34781076011096 1000192
[ 1.00316413 -0.9923358   0.00751395 -0.98998138 -0.00324192  0.01466569
 -0.99426561  0.00535111  0.00598455 -0.98845864] 73.49915463835 1000192

Giá trị trung bình (mean) của Rastrigin (d=10, n=256) trong CEMv2: 88.20034847844275
Độ lệch chuẩn (std) của Rastrigin (d=10, n=256) trong CEMv2: 13.714181713516307