all_results
[(array([ 0.21254108, -0.02621393, -0.11406886,  0.02590202,  0.05848369,
         -0.03906117, -0.12073205, -0.05344316, -0.16516898, -0.02094373]),
  0.10964144505588613,
  5120),
 (array([ 0.06206186, -0.07821312, -0.02406838,  0.05469003, -0.13938285,
          0.06965334,  0.01690535,  0.12212096, -0.05236874, -0.09598421]),
  0.06497319392640089,
  5120),
 (array([-0.10278325,  0.18606414, -0.00982491,  0.2408815 , -0.15067904,
         -0.0950769 ,  0.08808845, -0.16608491,  0.08334041, -0.27826507]),
  0.25476931936852254,
  5120),
 (array([ 0.10450994,  0.11627949, -0.02879814,  0.03125263, -0.11293917,
         -0.16613674,  0.11647804,  0.03392319,  0.02761107, -0.03544841]),
  0.08334285771513686,
  5120),
 (array([-1.38980212e-01,  2.52224164e-02,  2.23458202e-01,  7.74447028e-02,
          7.28139934e-02, -1.59133250e-01,  1.26028070e-01,  7.30002111e-02,
         -1.33480590e-01,  1.77204636e-04]), 0.1455373930804172, 5120),
 (array([-0.07756697,  0.07320691,  0.0134364 , -0.05950537,  0.12028308,
         -0.01227604,  0.01233089, -0.0175241 , -0.10614287, -0.00359748]),
  0.04145442657987903,
  5120),
 (array([ 0.03771755, -0.0469573 ,  0.14172341,  0.27182373,  0.00085942,
          0.18613732, -0.11698036,  0.00215667,  0.03380811, -0.05778222]),
  0.150419941365387,
  5120),
 (array([-0.15782121, -0.22555013, -0.20259511, -0.02314386, -0.26400851,
         -0.27857874,  0.32891165, -0.08447066,  0.02629351, -0.0821261 ]),
  0.38742163068225494,
  5120),
 (array([-0.02201016,  0.03494127, -0.0070908 , -0.04712793, -0.01096652,
          0.11384236,  0.04223495,  0.0254829 , -0.13755468,  0.07111856]),
  0.04346931774488712,
  5120),
 (array([-0.02862163, -0.17508528,  0.08285401,  0.01679728, -0.06633792,
          0.1121388 , -0.10657571, -0.0418897 , -0.00240058, -0.03520995]),
  0.06995545365681544,
  5120)]

Giá trị trung bình (mean) của Sphere (d=10, n=256) trong ES: 0.1350984979175587
Độ lệch chuẩn (std) của Sphere (d=10, n=256) trong ES: 0.10391572886761247

