all_results
[(array([-0.01228566,  0.00150164,  0.00036093, -0.0036006 , -0.00417709,
          0.00340205, -0.01189514,  0.00986636,  0.01128778,  0.00015367]),
  0.0005615862270455766,
  5120),
 (array([-0.00140664, -0.00241753, -0.00198188,  0.00278263,  0.00196946,
          0.00152319,  0.00258637,  0.00195236,  0.00086486,  0.00145916]),
  3.907093946419964e-05,
  5120),
 (array([-0.00467154,  0.02165554, -0.01859907,  0.03707034,  0.01244091,
         -0.0198508 ,  0.00316779,  0.01745456, -0.01882177,  0.00814643]),
  0.003495071345801739,
  5120),
 (array([-0.00508544, -0.00092117,  0.00469845, -0.00064039, -0.00025708,
         -0.00120457, -0.00421451,  0.00154165, -0.0024228 ,  0.00280277]),
  8.457715688792823e-05,
  5120),
 (array([ 0.0078415 , -0.00591665, -0.00261379, -0.00599799,  0.00785748,
         -0.01477284, -0.00091594, -0.00656485, -0.00198328,  0.00520359]),
  0.0004942274093306165,
  5120),
 (array([ 0.00409781, -0.00190053,  0.00700612,  0.00080846, -0.00579341,
         -0.00574786,  0.00054451, -0.00470063,  0.002072  ,  0.00646577]),
  0.00020523657195985868,
  5120),
 (array([-0.00963241, -0.01754104,  0.01387148,  0.00138284,  0.0221208 ,
          0.01366053, -0.02305372, -0.01154747, -0.01824788, -0.01753837]),
  0.0025761392737824263,
  5120),
 (array([-0.0139069 , -0.01781551, -0.02051571, -0.00024824,  0.00415834,
          0.00211492, -0.01569099, -0.0082596 , -0.00960866, -0.01451252]),
  0.0015708826740253054,
  5120),
 (array([ 0.00221103, -0.0546734 ,  0.03633535,  0.02110587,  0.00662163,
         -0.0144679 , -0.03060167,  0.01997059,  0.02210393, -0.00532031]),
  0.006865126590623064,
  5120),
 (array([-0.00835201, -0.00097014,  0.00203287,  0.00230975, -0.00097095,
         -0.00384106,  0.01702172, -0.0122192 ,  0.00232692,  0.00550609]),
  0.0005706405285533609,
  5120)]

Giá trị trung bình (mean) của Sphere (d=10, n=128) trong ES: 0.0016462558717474074
Độ lệch chuẩn (std) của Sphere (d=10, n=128) trong ES: 0.002056310801362223