all_results
[(array([-0.07065987, -0.02775038, -0.08263986, -0.03723326,  0.14098114,
          0.01041295, -0.0244155 , -0.07031591,  0.02313906,  0.08164551]),
  0.04670452481110507,
  10240),
 (array([-0.0382712 ,  0.08893921, -0.03726993, -0.07209479, -0.08426358,
         -0.06824694, -0.0669441 , -0.08317338,  0.05684793, -0.04682707]),
  0.0445433539127607,
  10240),
 (array([ 0.0199864 ,  0.02355489, -0.01453522, -0.01294177, -0.0454033 ,
         -0.06474633,  0.00471405,  0.01169199,  0.00592572, -0.00069312]),
  0.007781117873304965,
  10240),
 (array([ 0.00027046, -0.05104853, -0.03538059, -0.11646357,  0.03433062,
         -0.01923356,  0.16402538,  0.14076263, -0.12951395, -0.24794367]),
  0.14393846622036435,
  10240),
 (array([ 0.0627041 ,  0.05006086,  0.04115816, -0.05446413, -0.05626006,
          0.01219851, -0.1078552 , -0.08333075, -0.00989831,  0.03841862]),
  0.03456295043296949,
  10240),
 (array([ 0.07139621, -0.10785517,  0.09452322,  0.07040799,  0.10085189,
          0.07969693,  0.02783371, -0.0079173 , -0.02870131, -0.11255407]),
  0.06147436843892941,
  10240),
 (array([ 0.02038433, -0.0918762 ,  0.06821459,  0.08128378, -0.0849241 ,
         -0.05196611, -0.04441077, -0.1199731 , -0.01197894, -0.00054275]),
  0.046539268706637237,
  10240),
 (array([-0.05424708, -0.06779909, -0.06309079,  0.03076166,  0.01239414,
          0.0628594 , -0.12262785, -0.08425345, -0.0286533 ,  0.05385812]),
  0.042429050023686986,
  10240),
 (array([-0.00285828,  0.00103696, -0.02138541, -0.02879383,  0.02567016,
          0.04048761,  0.02053955,  0.01177717, -0.05820722,  0.02898151]),
  0.008382452466966742,
  10240),
 (array([ 0.00098689, -0.04175847, -0.1415801 , -0.0523488 , -0.13060714,
          0.14083908, -0.00738072,  0.05098802,  0.00893408,  0.21217194]),
  0.10917494011961962,
  10240)]


Giá trị trung bình (mean) của Sphere (d=10, n=512) trong ES: 0.05455304930063446
Độ lệch chuẩn (std) của Sphere (d=10, n=512) trong ES: 0.040141195029078335