all_results
[(array([-0.0001807 , -0.00029521, -0.00100108, -0.00023884,  0.00160579,
         -0.00024085, -0.00066392, -0.00144207, -0.00046161, -0.00129193]),
  8.218105557135637e-06,
  4288),
 (array([-7.72305657e-04, -3.13523296e-04, -1.72974281e-04, -5.83169902e-04,
          1.60706076e-03, -9.17006402e-04, -6.42974987e-05, -6.66261636e-04,
          1.13226340e-03,  9.90708787e-04]), 7.199868211779942e-06, 4480),
 (array([-0.00065266,  0.00040169,  0.00099426, -0.00148953,  0.00061394,
         -0.00053064, -0.00035275,  0.00111533,  0.00053343, -0.00145421]),
  8.2207576193026e-06,
  3520),
 (array([ 0.00028372, -0.00042402,  0.00212673,  0.00052398, -0.00097703,
          0.00097911, -0.00012026,  0.00040298, -0.00067796, -0.00111066]),
  8.841149631574388e-06,
  3776),
 (array([-0.00028002, -0.00096685, -0.00075328,  0.00100345,  0.00060775,
          0.00017964,  0.00036296,  0.00098391, -0.00065354,  0.00028475]),
  4.59720318684025e-06,
  4032),
 (array([-7.73624498e-04,  7.83737277e-04, -2.43879218e-04, -3.75484909e-05,
          1.71477848e-03, -1.89514888e-04, -9.98433646e-04, -2.37449395e-04,
         -1.99331903e-03, -4.90452471e-04]), 9.517123407229875e-06, 3456),
 (array([-0.00024427, -0.00131078,  0.00022275,  0.00028782,  0.000303  ,
          0.00085415,  0.00117687, -0.00044036, -0.00060545, -0.00115323]),
  6.007098289519902e-06,
  3904),
 (array([ 4.57944889e-05,  1.05064397e-03, -8.65000475e-05,  2.19406071e-04,
          6.06123207e-04,  1.60222362e-03,  1.22954375e-03,  3.14807736e-04,
         -4.58745812e-04, -4.02739495e-04]), 6.0796056227640505e-06, 3776),
 (array([-7.90749149e-04,  1.11826512e-03, -6.34721315e-04,  2.33766771e-04,
          1.05307993e-03, -1.96461158e-03,  2.45704540e-05, -8.62808699e-05,
          1.21096282e-04, -2.58899221e-04]), 7.391736373014213e-06, 3712),
 (array([-0.00010389,  0.00032688, -0.00053067,  0.00130212, -0.00047144,
         -0.00053512,  0.00115311,  0.00089831,  0.00058017,  0.0018945 ]),
  8.66574213239872e-06,
  3968)]

Giá trị trung bình (mean) của Sphere (d=10, n=64) trong ES: 7.473839003155958e-06
Độ lệch chuẩn (std) của Sphere (d=10, n=64) trong ES: 1.4501397242571482e-06