all_results
[(array([-7.44444286e-04, -4.63829347e-05, -9.23822006e-04, -1.72174527e-03,
         -1.10926517e-03,  9.80208194e-04,  1.85714298e-04,  1.23956999e-04,
          5.00846991e-04,  9.61860658e-05]), 6.875434489518515e-06, 2496),
 (array([ 2.92594250e-05, -6.03804816e-04,  1.42915620e-03,  8.35513039e-04,
          2.05558434e-04, -1.23685569e-04,  9.15978797e-04,  7.61656705e-04,
         -1.27601495e-03, -1.53518817e-04]), 6.234478529513008e-06, 2336),
 (array([ 0.00040167,  0.00022597, -0.00091908,  0.00029139, -0.00123944,
         -0.0004558 , -0.00114469,  0.00105548,  0.0011616 ,  0.00049003]),
  6.899786892598139e-06,
  1728),
 (array([-6.39568078e-05,  2.97271901e-04, -1.64380978e-03, -8.56813483e-04,
         -1.15858458e-03,  1.10919269e-03,  3.11202234e-04,  5.34585386e-04,
         -6.15756363e-04, -1.53147009e-03]), 9.208512554029532e-06, 2016),
 (array([-3.89127656e-04,  3.95425897e-04,  1.66950948e-03, -9.57115839e-04,
          7.15359253e-04,  3.76980945e-04,  1.18750085e-03, -1.24250875e-04,
         -9.51100549e-05,  1.58753695e-04]), 6.124813308099602e-06, 2048),
 (array([ 0.00033902, -0.00013557, -0.0002916 , -0.00218083,  0.00142783,
          0.00018073,  0.00068971,  0.00087257,  0.0001882 , -0.00038728]),
  8.468228377277565e-06,
  2016),
 (array([ 6.17012973e-04,  1.97339561e-03, -5.19443319e-05, -6.40883006e-04,
          6.00874019e-04,  4.51775712e-04,  4.77992947e-04, -4.77711626e-04,
          9.89583020e-04, -1.10228281e-03]), 7.90456297972438e-06, 1856),
 (array([ 5.27494910e-04, -2.94774868e-05,  2.44474710e-04, -4.96661656e-04,
          3.30161661e-04,  7.34496278e-04, -9.46807995e-04,  7.35762449e-04,
         -1.06395919e-03, -1.17295929e-03]), 5.179686394712176e-06, 2080),
 (array([-5.95960960e-05, -1.80005139e-04,  9.76921783e-04, -2.52224632e-04,
          1.20284338e-04,  1.02479840e-04,  1.24290160e-03,  5.08084557e-04,
         -1.33599267e-03, -6.83343703e-04]), 5.133706731012139e-06, 2144),
 (array([ 1.62588913e-03, -1.16771057e-03, -1.18162042e-03, -8.44406590e-04,
         -5.44465783e-04, -7.12220565e-05,  4.08079953e-04, -5.83305821e-04,
          1.62448264e-04,  2.00372713e-04]), 6.991141883086342e-06, 1792)]

Giá trị trung bình (mean) của Sphere (d=10, n=32) trong ES: 6.9020352139571395e-06
Độ lệch chuẩn (std) của Sphere (d=10, n=32) trong ES: 1.2621287658098186e-06
