all_results
[(array([ 0.08104841,  0.30953958,  0.1058797 ,  0.03883672, -0.1751769 ,
          0.48364082, -0.1817109 , -0.02211842,  0.04673243, -0.22407749]),
  0.4656005076148742,
  10240),
 (array([ 0.86898525,  0.35341585, -0.72132979,  0.03840949, -0.08298086,
          0.05533505, -0.0021362 ,  0.44676364, -0.34285834,  0.1762984 ]),
  1.7600131668118069,
  10240),
 (array([ 0.12017204, -0.27758141,  0.04991619,  0.31528442, -0.17412804,
         -0.12476464, -0.66812717, -0.31479723, -0.05471046,  0.22114975]),
  0.8366670926077986,
  10240),
 (array([ 0.45833659, -0.24852512,  0.062598  ,  0.02025584, -0.06596969,
         -0.05452347,  0.42994703, -0.39055417,  1.02016133,  0.00663649]),
  1.66165096680207,
  10240),
 (array([-0.2065219 ,  0.02246197,  0.15422206,  0.10974512,  0.34810531,
          0.15211222,  0.22024121,  0.39411381, -0.2693626 ,  0.29363171]),
  0.5859073781029434,
  10240),
 (array([ 0.27319701, -0.08607438,  0.18791659,  0.08262827, -0.18632301,
          0.32699456, -0.42151871,  0.33124553,  0.17325754,  0.37830652]),
  0.7263628069582934,
  10240),
 (array([-0.12909741, -0.43012307,  0.08874547, -0.2302848 ,  0.06881558,
         -0.3958357 , -0.21896523,  0.09781913, -0.22848651,  0.05086577]),
  0.5363080977165808,
  10240),
 (array([ 0.11378759,  0.0421397 , -0.1895925 ,  0.15250452,  0.10993119,
         -0.12549977, -0.13528408,  0.32000567,  0.08837579, -0.02407842]),
  0.23085683489650596,
  10240),
 (array([-0.27372505, -0.77565816,  0.02818615,  0.50597156,  0.28557382,
          0.56909021,  0.12507115,  0.09783998, -0.19844311, -0.45172273]),
  1.6074372765511173,
  10240),
 (array([-0.0576436 , -0.12880297, -0.06012961, -0.0569902 , -0.32986354,
          0.01363464,  0.07210656, -0.01564614, -0.31407586, -0.07111581]),
  0.2449175672040887,
  10240)]

Giá trị trung bình (mean) của Sphere (d=10, n=1024) trong ES: 0.8655721695266079
Độ lệch chuẩn (std) của Sphere (d=10, n=1024) trong ES: 0.5602700226224007