all_results
[(array([1.00000008, 0.99994139, 0.9999105 , 0.99998947, 1.00001408,
         1.00009499, 1.00029165, 1.00050738, 1.00114954, 1.00228397]),
  8.962895840672907e-06,
  65601),
 (array([0.99997903, 1.00002266, 0.9999985 , 0.99999247, 1.00000565,
         0.99998756, 0.99993459, 0.99994944, 0.99990206, 0.99980764]),
  1.5661665087175597e-06,
  67489),
 (array([0.99995801, 0.99995275, 1.00001399, 0.99998704, 0.99997335,
         0.99995958, 1.00001705, 1.00008283, 1.00019178, 1.00055666]),
  5.805579210653757e-06,
  64961),
 (array([1.00001194, 0.99990145, 0.99996826, 0.99998346, 1.00004912,
         1.00005563, 0.99999688, 0.99992506, 0.99970032, 0.99944053]),
  9.604965820776777e-06,
  65345),
 (array([0.99997401, 0.99995189, 1.00000152, 1.00003443, 1.00007364,
         1.00001003, 0.99988217, 0.99976657, 0.99942221, 0.99895457]),
  7.693093525310574e-06,
  65409),
 (array([1.00001071, 1.00009527, 1.00004725, 0.99998304, 0.99991436,
         0.99989183, 0.99983445, 0.99951597, 0.99907432, 0.9980873 ]),
  8.818216129738702e-06,
  63425),
 (array([0.9999961 , 0.99998856, 0.99993183, 0.99994428, 1.000051  ,
         1.00001121, 1.00012529, 1.00031527, 1.00054126, 1.00096489]),
  8.404119159503568e-06,
  62753),
 (array([1.00004251, 0.99999338, 0.99997845, 1.00001797, 1.00006453,
         1.00021762, 1.00027568, 1.00049558, 1.00108842, 1.00202289]),
  9.852992014294923e-06,
  66561),
 (array([0.99998458, 1.00001996, 1.00010814, 1.00012572, 1.0001706 ,
         1.00018383, 1.0003106 , 1.00068366, 1.00123439, 1.00247963]),
  9.356616236254494e-06,
  66305),
 (array([1.00005558, 1.00007477, 1.00006112, 0.99998909, 1.00007357,
         1.00011447, 1.00017475, 1.00044542, 1.00078427, 1.0016018 ]),
  7.038929124567457e-06,
  66049)]

Giá trị trung bình (mean) của Rosenbrock (d=10, n=32) trong DE: 7.710357357049072e-06
Độ lệch chuẩn (std) của Rosenbrock (d=10, n=32) trong DE: 2.366399730250934e-06