all_results
[(array([0.99946281, 1.00098509, 1.00656298, 1.0080581 , 0.99008517,
         0.95743671, 0.92773384, 0.8599176 , 0.72968662, 0.52946902]),
  0.24800823901780425,
  1000449),
 (array([0.9988294 , 0.99679281, 0.99314373, 0.99072026, 0.98680473,
         0.97507847, 0.92636368, 0.86567208, 0.75705066, 0.57557646]),
  0.16014005754544233,
  1000449),
 (array([1.00777736, 0.99503069, 0.99500847, 0.98475446, 0.97652824,
         0.95349418, 0.90552216, 0.82261547, 0.67976915, 0.46902174]),
  0.20596495409109766,
  1000449),
 (array([1.00103423, 0.99700453, 0.99168786, 0.98665794, 0.97237996,
         0.95243831, 0.91451805, 0.83720626, 0.68364511, 0.46106067]),
  0.1855428690902528,
  1000449),
 (array([1.00088731, 0.99521077, 0.9995774 , 0.99823293, 0.97543271,
         0.97578926, 0.95852694, 0.92053754, 0.83077673, 0.70753059]),
  0.21604962888308368,
  1000449),
 (array([1.00207738, 0.99696134, 0.99634141, 0.99399655, 0.9909829 ,
         0.97329858, 0.93881482, 0.8681721 , 0.73874976, 0.56567026]),
  0.19142783003487546,
  1000449),
 (array([0.99616553, 1.00293818, 1.00024796, 0.98909341, 0.98102827,
         0.95120744, 0.92845557, 0.86303776, 0.76527896, 0.58080131]),
  0.22279188619958987,
  1000449),
 (array([1.00066325, 0.99125293, 0.98807577, 0.98225245, 0.97958181,
         0.97258358, 0.9417961 , 0.87475161, 0.7644816 , 0.56476441]),
  0.18704774076476904,
  1000449),
 (array([1.00674735, 1.00526072, 0.99950178, 0.98168383, 0.96824459,
         0.9590666 , 0.92549416, 0.8654202 , 0.73899073, 0.54652604]),
  0.2135834433158877,
  1000449),
 (array([0.99525293, 0.9882208 , 0.98638935, 0.98102736, 0.97228332,
         0.95342405, 0.90333917, 0.79736554, 0.6373916 , 0.40431742]),
  0.2571371648550534,
  1000449)]

Giá trị trung bình (mean) của Rosenbrock (d=10, n=1024) trong DE: 0.20876938137978565
Độ lệch chuẩn (std) của Rosenbrock (d=10, n=1024) trong DE: 0.02799400678841329