all_results
[(array([1.00005765, 1.00012486, 1.00006791, 1.00000966, 1.00007517,
         1.00011444, 1.00027237, 1.00044747, 1.00086394, 1.00157849]),
  9.898617324783117e-06,
  145089),
 (array([0.99990973, 0.99994575, 0.99998278, 0.99998249, 1.00002072,
         1.0000179 , 1.00006505, 1.00018574, 1.00031626, 1.000663  ]),
  3.7664670595768145e-06,
  144129),
 (array([1.00002338, 1.00001881, 0.99992002, 1.00003153, 0.99996147,
         0.99994699, 0.99997915, 1.00004597, 1.00008316, 1.00020628]),
  7.900379648417811e-06,
  142849),
 (array([0.99995985, 0.99998557, 0.99998341, 1.00004388, 1.0001362 ,
         1.00017528, 1.0002823 , 1.00037078, 1.0007573 , 1.00166039]),
  9.423833195150578e-06,
  136897),
 (array([0.99990483, 0.99994449, 1.00005178, 1.00006751, 1.00005409,
         1.00006128, 1.0001101 , 1.00023071, 1.0004941 , 1.00104264]),
  6.234752131220426e-06,
  147201),
 (array([0.99995081, 0.99998522, 1.00003771, 1.00004485, 1.00003952,
         1.00000494, 0.99995275, 0.99979828, 0.99940721, 0.99885877]),
  7.70434208139339e-06,
  140737),
 (array([1.00001659, 1.00010279, 1.00003174, 1.00002953, 0.99997346,
         0.99987633, 0.99962875, 0.99933625, 0.99869782, 0.99744015]),
  9.554918170149247e-06,
  141249),
 (array([1.00000735, 0.99991343, 1.00000533, 1.00005535, 1.00002754,
         1.00004149, 0.99989974, 0.99985088, 0.99972503, 0.9993993 ]),
  9.174974890333993e-06,
  144193),
 (array([0.99997522, 0.999902  , 0.99998798, 1.0000457 , 1.0000625 ,
         0.9999956 , 0.99992469, 0.99990162, 0.99995802, 0.99985875]),
  9.335430335553062e-06,
  126913),
 (array([0.9999353 , 0.9999826 , 0.99996603, 0.99998855, 1.00006993,
         1.00001195, 1.00010337, 0.99999122, 0.99997586, 0.99999073]),
  9.526063733256692e-06,
  145537)]

Giá trị trung bình (mean) của Rosenbrock (d=10, n=64) trong DE: 8.251977856983513e-06
Độ lệch chuẩn (std) của Rosenbrock (d=10, n=64) trong DE: 1.8451000117200911e-06