all_results
[(array([0.99983303, 0.99999534, 0.99998519, 0.99985725, 1.00016447,
         1.00041161, 1.00036908, 1.00041412, 1.00089191, 1.00171929]),
  6.637878737826089e-05,
  1000449),
 (array([1.00036498, 1.0002982 , 1.00012262, 1.00021173, 0.99990094,
         1.00022971, 1.00042634, 1.00099228, 1.00162475, 1.00320385]),
  0.00010628786861003005,
  1000449),
 (array([1.00014831, 0.99987207, 0.99992007, 0.99983639, 0.99986258,
         0.9998032 , 0.99995227, 0.99968525, 0.99959593, 0.99922279]),
  4.766567507543273e-05,
  1000449),
 (array([0.99978571, 0.99978126, 0.99978335, 0.99974578, 0.99951291,
         0.99944416, 0.9990509 , 0.99815974, 0.99669487, 0.99383188]),
  8.136255441942083e-05,
  1000449),
 (array([1.00021726, 1.00012998, 1.00011399, 0.99989285, 0.99988135,
         0.99976788, 0.99996241, 0.99946492, 0.99868268, 0.997299  ]),
  7.167232388450118e-05,
  1000449),
 (array([0.99994907, 0.99991571, 0.99969907, 0.9998454 , 0.99995339,
         1.00018653, 1.00034659, 1.00067992, 1.00120603, 1.00218445]),
  4.641219153304672e-05,
  1000449),
 (array([1.00010704, 1.00004555, 1.00026945, 1.00041944, 1.00023536,
         1.00012666, 1.00039432, 1.00083391, 1.00206085, 1.00476318]),
  0.00011935632561143013,
  1000449),
 (array([0.99965473, 0.999847  , 0.99990923, 0.99995644, 0.99998072,
         1.00017252, 1.00056517, 1.00108099, 1.00208738, 1.0044764 ]),
  6.086385466598518e-05,
  1000449),
 (array([1.00005022, 1.00018979, 1.0001864 , 1.00021328, 1.00027009,
         1.0003297 , 1.0002441 , 1.00078959, 1.00113601, 1.00150028]),
  0.00012202339428879956,
  1000449),
 (array([0.99979732, 0.99949445, 0.99988213, 0.99998491, 0.99982944,
         0.9998827 , 0.99986827, 0.99944747, 0.99942583, 0.99891515]),
  0.00013156372681010268,
  1000449)]

Giá trị trung bình (mean) của Rosenbrock (d=10, n=512) trong DE: 8.535867022770101e-05
Độ lệch chuẩn (std) của Rosenbrock (d=10, n=512) trong DE: 3.0288922409355144e-05