[(array([0.99995229, 1.00004257, 1.00003887, 0.99997616, 0.99995974,
         0.99997541, 1.0000257 , 0.99993805, 1.00002716, 1.00009396]),
  7.76571065014581e-06,
  296321),
 (array([1.00002271, 0.99993452, 1.00002173, 1.00004746, 1.0000578 ,
         1.00009692, 1.00027364, 1.00054952, 1.00119528, 1.00223881]),
  9.465344915228479e-06,
  300417),
 (array([0.9999844 , 1.00000843, 0.99996438, 0.99996724, 1.00006307,
         1.00016399, 1.00039914, 1.00091107, 1.00170428, 1.00337236]),
  9.640599340761593e-06,
  286593),
 (array([1.00010583, 1.00007825, 0.99999224, 0.99992929, 0.99999063,
         0.99995759, 0.99996334, 0.9998746 , 0.99968752, 0.99933555]),
  7.761645557310466e-06,
  283649),
 (array([0.99998712, 1.00003262, 0.99999635, 1.00000128, 1.00008943,
         1.00009874, 1.00020448, 1.00037708, 1.00091769, 1.00188675]),
  6.296318984780836e-06,
  285697),
 (array([0.99994716, 0.99995977, 1.00001213, 0.99993206, 0.99987126,
         0.99990662, 0.99997382, 0.99992129, 0.99980169, 0.99955276]),
  7.985179190876871e-06,
  296705),
 (array([1.00008245, 1.0000214 , 1.00007139, 1.00006629, 0.99996838,
         1.00001084, 0.99999843, 0.99986204, 0.99959154, 0.99915558]),
  9.880463337904875e-06,
  298241),
 (array([0.99998686, 0.99997064, 1.0000509 , 1.00010672, 0.99996959,
         0.99991164, 0.99987745, 0.99976767, 0.99945687, 0.99889096]),
  8.59442522776728e-06,
  299649),
 (array([1.00002025, 1.00003001, 0.99995603, 0.99991956, 0.99996862,
         1.00002066, 0.9999628 , 0.99981943, 0.99956774, 0.99900432]),
  7.677423687481862e-06,
  286977),
 (array([1.0000025 , 0.9999734 , 1.00004939, 0.99997312, 0.99992241,
         0.99984971, 0.99960733, 0.99927112, 0.99853858, 0.99721407]),
  8.628123765390254e-06,
  279297)]

Giá trị trung bình (mean) của Rosenbrock (d=10, n=128) trong DE: 8.369523465764833e-06
Độ lệch chuẩn (std) của Rosenbrock (d=10, n=128) trong DE: 1.0428738013991606e-06