all_results
[(array([0.99999187, 0.99993008, 0.99995078, 0.99999393, 0.99992729,
         0.99985046, 0.99978161, 0.99961654, 0.9992936 , 0.9984195 ]),
  7.187790830393656e-06,
  593921),
 (array([1.00006061, 1.00008997, 1.00010006, 1.00008362, 1.00005147,
         0.99996732, 0.99998598, 1.00008047, 1.00020026, 1.00044052]),
  7.107753962435515e-06,
  577025),
 (array([1.00008268, 1.00002857, 0.99995439, 1.00001232, 1.0000724 ,
         1.00006227, 1.00007186, 1.00028181, 1.00046456, 1.00091025]),
  8.43107391431558e-06,
  584961),
 (array([0.99999948, 1.00010318, 1.00010052, 1.00008839, 1.00011223,
         1.0001682 , 1.00022096, 1.00047681, 1.00078633, 1.00152862]),
  9.63405251502174e-06,
  566785),
 (array([1.00001867, 0.99995719, 0.99997848, 0.99995129, 1.00002554,
         0.99997006, 0.99991319, 0.99989577, 0.99974367, 0.99950773]),
  4.140522902599574e-06,
  580353),
 (array([1.00006463, 1.00008293, 1.00015063, 1.00014671, 1.0001147 ,
         1.00012785, 1.00013862, 1.00019032, 1.0003962 , 1.00079819]),
  9.304821885425532e-06,
  576001),
 (array([1.00006348, 0.99996672, 0.99996262, 1.00005219, 0.99996216,
         0.99986141, 0.99982728, 0.99965424, 0.99933917, 0.99856647]),
  9.744854056202987e-06,
  583681),
 (array([0.99991217, 0.99993567, 0.99991166, 0.99995859, 0.99993627,
         1.00001358, 1.00014182, 1.00014099, 1.00022831, 1.00045569]),
  9.01338137247436e-06,
  591105),
 (array([0.9999747 , 0.99987632, 0.99992374, 0.99995416, 0.99993689,
         0.99990293, 0.99985286, 0.99956903, 0.99924388, 0.99850333]),
  8.810280827479644e-06,
  574209),
 (array([1.00003974, 1.0000457 , 1.00000193, 0.99991282, 0.99997109,
         0.99996286, 1.00002101, 1.00011325, 1.00023936, 1.00047415]),
  5.4192343089497764e-06,
  567041)]

Giá trị trung bình (mean) của Rosenbrock (d=10, n=256) trong DE: 7.879376657529836e-06
Độ lệch chuẩn (std) của Rosenbrock (d=10, n=256) trong DE: 1.7931181454037146e-06