all_results
[(array([-0.00061435, -0.0007513 , -0.00158874, -0.00197503, -0.00468247,
         -0.00132781, -0.00418833, -0.00216533, -0.00129071,  0.00647142]),
  7.334323159580158e-06,
  197025),
 (array([-3.14002263e+00, -4.43844448e+00, -1.64380945e-08,  1.98136155e-08,
         -6.95053736e-10, -1.36509748e-08,  7.78573049e-09,  5.54642810e-09,
         -1.96508989e-09,  2.65507634e-08]), 0.007396040334114895, 1000001),
 (array([-3.14002263e+00,  4.43844448e+00, -1.71536293e-08,  1.52872577e-08,
         -1.16195354e-08, -1.24131640e-08, -6.02025574e-10, -1.26648895e-08,
         -2.82426315e-08, -8.91311868e-09]), 0.007396040334114895, 1000001),
 (array([-0.00084928,  0.00136163, -0.00337287, -0.00179343, -0.00088199,
          0.00234039,  0.00175572, -0.00450572, -0.00171752, -0.00476013]),
  6.460416303810668e-06,
  272353),
 (array([-3.14002257e+00, -7.04184844e-09,  4.04688686e-09, -1.58682372e-11,
          2.22701684e-08, -7.67228179e+00, -2.25831176e-09,  1.92566100e-08,
          2.81705259e-08,  4.91039793e-09]), 0.01722629385971286, 1000001),
 (array([ 3.14002264e+00, -4.43844449e+00, -1.43935456e-08,  1.19649567e-08,
         -1.66464844e-08,  3.36667516e-09, -2.48141288e-08,  4.12698229e-09,
         -2.90438091e-08,  2.74172536e-08]), 0.007396040334114895, 1000001),
 (array([-9.61684593e-04,  8.00104172e-06, -7.47792826e-04,  4.27529200e-04,
          9.91291664e-05, -4.36589070e-04,  6.70643268e-03,  6.64788397e-03,
          5.74995452e-03,  4.38938720e-03]), 9.406001976630662e-06, 206209),
 (array([ 0.00080962,  0.00051877,  0.00182626,  0.00255727,  0.00306606,
         -0.00718176, -0.00208214, -0.0033667 ,  0.00568258, -0.00118778]),
  9.919420303594606e-06,
  174881),
 (array([ 1.12093730e-03,  2.42554360e-05, -7.99188579e-04,  3.02496696e-03,
          1.35491026e-03,  3.70386603e-04,  5.11501334e-03,  3.41484378e-04,
         -1.57737987e-03, -9.54549304e-03]), 8.677009368573962e-06, 181697),
 (array([ 3.14002264e+00, -4.43844449e+00, -1.06990988e-08, -9.98176221e-09,
         -1.51124271e-08,  8.88661805e-09,  1.34464714e-08, -2.24151140e-08,
         -2.62547649e-08,  2.27721573e-09]), 0.007396040334114895, 1000001)]

Giá trị trung bình (mean) của Griewank (d=10, n=32) trong DE: 0.004685225236728463
Độ lệch chuẩn (std) của Griewank (d=10, n=32) trong DE: 0.005440936069605711