all_results
[(array([ 1.36241232e-05,  3.13195856e-03, -2.55736140e-03,  2.49495513e-03,
         -8.72536601e-04, -4.12957101e-03, -3.69653426e-03, -1.62555311e-03,
          4.87222753e-03,  3.45188232e-03]), 8.896561023985505e-06, 751425),
 (array([-0.00140913,  0.00078259, -0.00233555,  0.00121562, -0.00211729,
          0.00119783,  0.00561953, -0.00493638,  0.00419413,  0.00512735]),
  8.906813971032435e-06,
  507905),
 (array([ 1.97580614e-05,  2.60440107e-04, -1.71768531e-03,  9.61829370e-04,
          7.21451300e-04, -6.06007661e-03,  1.43732621e-03,  2.51650897e-03,
         -2.78040296e-03,  2.75389113e-03]), 5.1052166128995324e-06, 596289),
 (array([-0.00065364, -0.00230457, -0.00208905, -0.0017554 ,  0.00241751,
          0.00321608,  0.00189076, -0.00028384,  0.00171333, -0.00073091]),
  4.55958336342821e-06,
  398465),
 (array([ 0.00093622,  0.00078298,  0.00092585, -0.00214756,  0.00198413,
          0.00298669,  0.00522031,  0.00563957,  0.00142889,  0.00123121]),
  6.592076711386952e-06,
  657793),
 (array([-5.36858413e-05, -1.68301809e-03,  1.70838379e-03,  2.43644591e-03,
          5.89866004e-03,  3.27291094e-03,  6.21626296e-04,  3.91744986e-03,
         -3.51987434e-03, -4.75384666e-03]), 9.142077585844177e-06, 568001),
 (array([ 0.00026279, -0.00241561, -0.0008655 , -0.00325665,  0.00037011,
         -0.00592716,  0.00406784,  0.00087633, -0.00253356,  0.00160041]),
  7.6194825323616655e-06,
  654209),
 (array([-4.65925917e-04,  5.54409585e-04,  6.04029165e-03, -4.73975354e-04,
          9.60814185e-04, -2.90293061e-03,  4.14791473e-05,  4.45227053e-03,
          2.84841460e-03,  3.74668004e-03]), 9.502667721927871e-06, 637569),
 (array([ 3.68994844e-04,  2.24637663e-04,  3.00159072e-04, -2.05267949e-03,
          5.82248536e-03, -1.60827190e-03,  1.59159500e-03, -4.41320032e-06,
          3.66316962e-03, -2.44786069e-03]), 5.469827833781693e-06, 524737),
 (array([-0.00036745, -0.00068292,  0.00282763,  0.00522357,  0.00156636,
          0.00250685,  0.00269514, -0.00559894,  0.0013062 , -0.00249017]),
  8.602123053091937e-06,
  591617)]

Giá trị trung bình (mean) của Griewank (d=10, n=64) trong DE: 7.439643040973997e-06
Độ lệch chuẩn (std) của Griewank (d=10, n=64) trong DE: 1.7651087193176713e-06