all_results
[(array([ 2.930353  ,  4.26368025, -5.37073441, -0.54845113, -0.0253883 ,
         -7.51166549,  0.27463516,  0.72622607,  0.96062594,  0.41328247]),
  0.1863441474006582,
  1000193),
 (array([ 6.24045871e+00, -4.45243214e+00, -5.37605438e+00, -8.20755296e-02,
         -6.02518874e+00,  1.01098647e-03, -8.03435069e+00, -3.46882743e-01,
         -6.42429367e-02, -2.57413355e-01]), 0.16250023326480134, 1000193),
 (array([-3.39606411, -0.0948016 ,  0.1582889 , -6.29400507, -0.25233085,
          6.74724561,  7.68426038,  0.21362413,  0.04281691, -0.56426519]),
  0.19518967213821614,
  1000193),
 (array([-3.24405724, -4.12042177,  0.14658136,  6.39852273, -0.08965638,
         -0.50859996,  0.64596018, -0.01339706, -0.60071419, -9.34581731]),
  0.15846373094817057,
  1000193),
 (array([-3.03863621e+00,  4.38747497e+00,  4.69424868e-03, -6.37463634e+00,
          5.05469136e-02,  8.31139512e+00, -2.15871255e-01, -3.94378620e-01,
         -8.98569608e-01, -2.02098902e-01]), 0.12999833375669434, 1000193),
 (array([ 3.40748413,  0.23131151, -0.36654   ,  0.1964302 , -0.05587875,
          0.53542531,  8.2189538 ,  0.45644048,  0.36266734,  0.60135738]),
  0.15091787159791847,
  1000193),
 (array([ 3.11557588, -4.43549515,  5.53873642,  0.07652835,  0.14435585,
         -7.80993802, -0.31776941, -9.06352245,  9.73486412,  0.31080837]),
  0.09947294804692419,
  1000193),
 (array([-6.1136279 ,  4.35181586,  5.48734399, -0.25469682, 14.22682764,
         -0.05165586,  8.15678924, -0.08004884, -9.44249457,  0.40938524]),
  0.14935127753362876,
  1000193),
 (array([ 0.13307796,  8.54806151, -5.70167716,  6.29426893,  0.46283059,
          0.22864751, -0.35257816,  0.61344535, -0.29061863, -0.99589378]),
  0.1846117899408236,
  1000193),
 (array([-0.20851808,  8.84520802, 10.77153707,  0.18555321,  0.05796055,
         -0.17891383, -0.49223544, -8.95629864, -0.49172774,  9.52130694]),
  0.16040654266703136,
  1000193)]

Giá trị trung bình (mean) của Griewank (d=10, n=256) trong DE: 0.1577256547294867
Độ lệch chuẩn (std) của Griewank (d=10, n=256) trong DE: 0.02693440508969857