all_results
[(array([-3.23990678,  0.25540869, -5.42115219, -6.60746762, -0.16092948,
         -6.79034778,  0.2323009 ,  0.04520942, -0.27549424, -0.09148216]),
  0.14162729843730926,
  1000449),
 (array([-6.23936694,  4.11501267,  0.15423264,  0.02047099, -6.88712382,
         -0.08160258, -8.33293348, -9.09378329, -0.37827692, -0.22283118]),
  0.0823746391596103,
  1000449),
 (array([-6.48608025, -8.55393598, 10.56055919,  0.18047032,  0.43892412,
         -7.77176414,  0.75009969,  0.21332334,  1.09712491, -9.34544568]),
  0.29107885907393694,
  1000449),
 (array([ 6.27642267, -0.42448143, -5.74077542,  0.23337144,  0.8170075 ,
          7.74415748, -0.3939157 , -8.43654883,  1.22504602, -9.98089843]),
  0.29432812362559135,
  1000449),
 (array([ -3.10738389,   8.75484159,  10.89535154,  -7.26118079,
           0.03013146,   0.23378607,  -0.3793259 ,  -8.59252013,
          -0.06278015, -10.18566825]), 0.2509894365398535, 1000449),
 (array([ 0.29909329,  4.47609458,  5.60990131, -5.84455183, -7.21320299,
          0.24193147,  0.82052789, -8.75264369,  9.49540962, -0.16949559]),
  0.20245177328401187,
  1000449),
 (array([ 9.36039366,  3.98802034, -5.44181871, -6.03350346, -6.81163755,
          0.06562728,  0.49871193,  8.63982557,  0.70221308, -0.35194434]),
  0.18855606240012135,
  1000449),
 (array([ -0.01741948,  -0.19915822, -11.29092667,  -0.083425  ,
           0.34709347,  -0.69429654,  -0.65868113,   0.95135564,
          -0.93406409,   1.05757304]), 0.28240335099714053, 1000449),
 (array([ 3.30600685,  0.3504482 , -0.19810154,  6.0417889 , -7.39827676,
          8.07781794,  0.59009595,  0.27038038,  9.59676036, 10.62963554]),
  0.22423230442769204,
  1000449),
 (array([  6.11529277,   9.02620185, -10.69278511,   0.56851554,
           0.07969556,  -1.10523758,   0.08269485,  -0.5975857 ,
          -0.36389757,  -0.56714838]), 0.2553242524593837, 1000449)]

Giá trị trung bình (mean) của Griewank (d=10, n=1024) trong DE: 0.22133661004046506
Độ lệch chuẩn (std) của Griewank (d=10, n=1024) trong DE: 0.06561930301337159