all_results
[(array([ 3.05284269, -0.09099574,  0.553175  , -0.71012496, -0.76870535,
         -7.38854858, -0.11452568, -0.28764901,  0.43377973,  0.72602435]),
  0.22490575687666114,
  1000449),
 (array([ -9.46102714, -12.85561572,   5.03236198,   6.29351538,
          -0.38404056,   0.28696998,   0.3663016 ,  -0.61808622,
          -0.14888651,   0.24535884]), 0.215513476109931, 1000449),
 (array([ 0.09643244,  0.47039482, -0.07946237,  6.08532063, -0.02181308,
         -7.23461986,  0.38152496,  8.10151395, -0.04509574, 10.33860874]),
  0.19837533651113004,
  1000449),
 (array([ 3.26338175, -0.2131591 ,  5.94253041,  6.65277873,  7.11740238,
         -0.15244325, -8.13403182, -0.08247831,  9.39485444,  0.13301332]),
  0.15522643999935604,
  1000449),
 (array([-2.91428025, -4.46821956, -0.08773175,  0.02025855,  0.27815664,
          0.8937115 , -0.38632748, -9.48373147,  9.2851816 , -0.38980228]),
  0.18670365275480771,
  1000449),
 (array([ 3.29329863,  9.05811591,  0.23062412, -0.63464571,  0.61350512,
          0.47345736,  8.26838712, -0.2473308 , -0.21338203,  0.42316481]),
  0.18122973064652892,
  1000449),
 (array([-3.19817675, -0.25486958,  5.44642492,  0.34433458, -0.52026767,
          7.21112211,  0.08168798,  0.09398749, -8.42168975,  0.63605082]),
  0.18722366424885728,
  1000449),
 (array([-3.27951497e+00,  3.14591289e-01, -7.59344422e-02, -2.94487583e-01,
          2.63443360e-02, -7.60235058e-03, -8.40920485e+00, -4.01250741e-01,
         -1.87192003e+01,  1.17910264e+00]), 0.22970445809360673, 1000449),
 (array([-5.99916293, -4.07418708,  0.28622809,  6.11094089,  6.95904253,
          0.35754704,  8.1027209 , -9.25014437, -9.86261502,  0.53926967]),
  0.22797328835904607,
  1000449),
 (array([-0.24220831, -0.01036054,  0.25727635, -5.97159951, -6.4533916 ,
         -0.27243878, -8.2081532 , -0.61125496, -0.0545053 , 10.09326811]),
  0.17295298944695348,
  1000449)]

Giá trị trung bình (mean) của Griewank (d=10, n=512) trong DE: 0.19798087930468783
Độ lệch chuẩn (std) của Griewank (d=10, n=512) trong DE: 0.024323360126380592