all_results
[(array([-3.18186949, -0.08471734, -0.35447538, -0.01274832, -6.73561818,
          0.23398486, -0.13799395, -0.1932421 ,  0.24180028, -0.30438731]),
  0.06108713977288738,
  1000065),
 (array([ 6.34317973,  0.02212455,  0.23643318, -0.11689244,  0.05148044,
         -0.02071564,  0.38654657,  0.36699086, -0.28520755, -0.43829226]),
  0.05574071093650923,
  1000065),
 (array([ 3.09174948,  4.41372848, -5.34743738,  6.16209385,  0.11462083,
          0.26356371, -0.15286716,  0.06939797, -0.03895665, -0.55772714]),
  0.0531401526195634,
  1000065),
 (array([ 0.08680996, -0.05706651,  0.00988055,  0.03157832,  0.07676067,
         -0.01119494,  0.04527588,  0.06421904,  0.09276353,  0.01418283]),
  0.00620911472892316,
  1000065),
 (array([-0.15099391, -0.09526062,  0.13459306,  0.00441343, -0.08412511,
         -0.15244979,  0.32985827, -0.22172194,  0.16780628, -0.10401946]),
  0.031909583109946404,
  1000065),
 (array([ 6.2381094 ,  0.1585408 ,  0.1274957 , -6.26915209, -0.01370888,
         -0.38247683, -0.29714345,  0.03971668,  9.15008796, -0.43202411]),
  0.0820063057170417,
  1000065),
 (array([-0.14662341,  4.40221706, -0.10693249,  6.31052174, -0.10306532,
         -0.22154125,  8.55806258, -0.10960991, -9.57499054,  0.06729958]),
  0.08067715618241034,
  1000065),
 (array([ 0.00261084, -0.07526748, -0.03662748,  0.20974355,  0.0504246 ,
          0.00915489,  0.01439394,  0.23741095,  0.18717864, -0.34356205]),
  0.018707074109117983,
  1000065),
 (array([-0.0013603 , -0.00084108,  0.00062531, -0.00390727,  0.00349327,
          0.00115142, -0.00220628, -0.00736379, -0.00436773,  0.00179682]),
  9.392644914507642e-06,
  996097),
 (array([-2.50539880e-03,  4.37274336e+00,  5.45498117e+00,  3.34562448e-01,
         -4.04514299e-01,  2.11426300e-01,  6.74724043e-02, -3.52430516e-03,
          1.51696696e-01,  1.81426495e-01]), 0.05032934158811253, 1000065)]

Giá trị trung bình (mean) của Griewank (d=10, n=128) trong DE: 0.043981597140942665
Độ lệch chuẩn (std) của Griewank (d=10, n=128) trong DE: 0.02737214294265734