all_results, all_fitness, num_evals
[-8.05812820e+146 -8.05812912e+146 -8.05812912e+146 -8.05812912e+146
 -8.05812912e+146 -8.05812912e+146 -8.05812912e+146 -8.05812912e+146
 -8.05812912e+146 -8.05812912e+146] 22.339445682593002 21504
[-3.00868759e+147 -3.00868766e+147 -3.00868766e+147 -3.00868766e+147
 -3.00868766e+147 -3.00868766e+147 -3.00868766e+147 -3.00868766e+147
 -3.00868766e+147 -3.00868766e+147] 22.33889296710722 21632
[-1.15801127e+146 -1.15801160e+146 -1.15801160e+146 -1.15801160e+146
 -1.15801160e+146 -1.15801160e+146 -1.15801160e+146 -1.15801160e+146
 -1.15801160e+146 -1.15801160e+146] 22.3344041301588 21120
[-1.46265866e+148 -1.46265859e+148 -1.46265859e+148 -1.46265859e+148
 -1.46265859e+148 -1.46265859e+148 -1.46265859e+148 -1.46265859e+148
 -1.46265859e+148 -1.46265859e+148] 22.33467588862661 24512
[ -5.75656889   0.70803806   1.72717375  -5.94016904  12.85328896
   8.81673947 -14.5052885   -7.22373423   7.56978368   5.43973148] 20.658877175835578 1000064
[-1.62230118e+147 -1.62230110e+147 -1.62230110e+147 -1.62230110e+147
 -1.62230110e+147 -1.62230110e+147 -1.62230110e+147 -1.62230110e+147
 -1.62230110e+147 -1.62230110e+147] 22.334232701362495 21440
[ 15.01440587   6.02975134   5.22063562  11.95516808 -16.50729544
 -17.36407757  15.49287058  11.42060654 -11.64219059 -17.16199676] 21.287469809932833 1000064
[-14.85254808  17.58523364   6.93364089   3.30519849 -31.55789086
 -15.05048153   9.48144444  -8.0906867   20.49120276  13.76092531] 21.369534126647764 1000064
[ 19.96358913 -19.55581438  16.53999616  -4.00125981 -16.37960512
 -19.2833389  -26.86640183  19.78943447  17.49309652  12.29639621] 21.81743984404853 1000064
[-2.07001831e+146 -2.07001823e+146 -2.07001823e+146 -2.07001823e+146
 -2.07001823e+146 -2.07001823e+146 -2.07001823e+146 -2.07001823e+146
 -2.07001823e+146 -2.07001823e+146] 22.2764519980164 21376

Giá trị trung bình (mean) của Ackley (d=10, n=64) trong CEM: 21.909142432432922
Độ lệch chuẩn (std) của Ackley (d=10, n=64) trong CEM: 0.5741617582668705