all_results, all_fitness, num_evals
[ 10.95267089 -17.84849049  11.77548021 -31.68987432   3.74577712
  -1.45704782  27.39398929  26.85644693  -8.97738275 -16.84567831] 21.03842190058104 1000448
[ -4.1185787  -21.75026619  22.96285861  17.92623425  31.01050154
  -9.1285159  -23.39578077 -31.56968449  22.07395523  -2.86514302] 20.905809451736072 1000448
[  3.74240718 -24.1919502  -28.18943188  29.08923008  29.29070948
  -2.05650361 -28.86483219  19.2749316   18.45370061 -19.44906805] 21.408143427934515 1000448
[-20.70365814  20.88122421  13.28035278  15.89627344  -2.40722464
 -33.98770881  21.99645475  18.02058847 -29.29477209  -7.88217837] 20.94081258561229 1000448
[ -6.48836094   0.21069437   1.01639728  -6.24145846  11.55178452
   8.09950319 -15.56329319  -7.97247063   6.7739895    4.03626463] 17.581919282139754 1000448
[ 35.30875366  -6.0868751   11.84811369 -27.16004761  -3.29926906
 -20.62456798  14.18741666  -4.28233012 -13.84176447   9.37293026] 21.06189145017648 1000448
[ 15.01464594   6.76232901   5.38642242  11.03880257 -15.702933
 -17.80663242  15.05094688  11.57638443 -10.25472987 -17.13478219] 20.06764802981882 1000448
[-14.80931254  17.94769888   7.59591629   2.07078243 -32.03493783
 -14.39038413   8.32977377  -9.06195091  20.85067461  13.12136304] 20.522423109757973 1000448
[ 19.56403461 -19.20856714  18.0725395   -4.15900173 -14.88581815
 -20.13650308 -26.03584462  20.30020408  18.43626818  12.13198919] 20.8922508316155 1000448
[ 33.97988924 -18.00077297  11.65179082 -28.85733216  -7.86324216
  29.05531635  -4.9473117   26.78632885 -16.19139531 -26.61252942] 20.943288867178122 1000448

Giá trị trung bình (mean) của Ackley (d=10, n=1024) trong CEM: 20.53626089365506
Độ lệch chuẩn (std) của Ackley (d=10, n=1024) trong CEM: 1.0406337004805732