all_results, all_fitness, num_evals
[-1.02241951e+146 -1.02241933e+146 -1.02241933e+146 -1.02241933e+146
 -1.02241933e+146 -1.02241933e+146 -1.02241933e+146 -1.02241933e+146
 -1.02241933e+146 -1.02241933e+146] 22.349440493248498 295872
[6.95635996e+145 6.95638917e+145 6.95638917e+145 6.95638917e+145
 6.95638917e+145 6.95638917e+145 6.95638917e+145 6.95638917e+145
 6.95638917e+145 6.95638917e+145] 22.342209986383292 10560
[3.02654266e+146 3.02654315e+146 3.02654315e+146 3.02654315e+146
 3.02654315e+146 3.02654315e+146 3.02654315e+146 3.02654315e+146
 3.02654315e+146 3.02654315e+146] 22.3461387667943 10400
[-6.15403936e+147 -6.15403948e+147 -6.15403948e+147 -6.15403948e+147
 -6.15403948e+147 -6.15403948e+147 -6.15403948e+147 -6.15403948e+147
 -6.15403948e+147 -6.15403948e+147] 22.32916240789575 10656
[ -7.57726474   0.72362696   1.68498181  -5.69556032  12.11119975
   8.0063989  -16.05154705  -8.71714934   7.96962895   4.60689639] 17.967192329072976 1000032
[-9.29051253e+146 -9.29051196e+146 -9.29051196e+146 -9.29051196e+146
 -9.29051196e+146 -9.29051196e+146 -9.29051196e+146 -9.29051196e+146
 -9.29051196e+146 -9.29051196e+146] 22.307869729703555 10464
[-4.30788345e+147 -4.30788345e+147 -4.30788345e+147 -4.30788345e+147
 -4.30788345e+147 -4.30788345e+147 -4.30788345e+147 -4.30788345e+147
 -4.30788345e+147 -4.30788345e+147] 22.333248797490157 10432
[-3.77003951e+147 -3.77003960e+147 -3.77003960e+147 -3.77003960e+147
 -3.77003960e+147 -3.77003960e+147 -3.77003960e+147 -3.77003960e+147
 -3.77003960e+147 -3.77003960e+147] 22.26791504640206 11264
[2.21656933e+147 2.21656917e+147 2.21656917e+147 2.21656917e+147
 2.21656917e+147 2.21656917e+147 2.21656917e+147 2.21656917e+147
 2.21656917e+147 2.21656917e+147] 22.337959304783794 249696
[1.14243417e+148 1.14243417e+148 1.14243417e+148 1.14243417e+148
 1.14243417e+148 1.14243417e+148 1.14243417e+148 1.14243417e+148
 1.14243417e+148 1.14243417e+148] 22.314505601716746 10528

Giá trị trung bình (mean) của Ackley (d=10, n=32) trong CEM: 21.889564246349114
Độ lệch chuẩn (std) của Ackley (d=10, n=32) trong CEM: 1.307658238699295