all_results, all_fitness, num_evals
[ 10.93136304 -17.11245545  13.21048842 -32.2030123    3.51382494
  -1.5049418   27.22789217  26.1760988   -9.86076759 -15.98199497] 21.75114083518879 1000192
[ -4.44160092 -21.32224121  22.63380565  18.99798863  30.94944899
  -9.52301782 -23.36387912 -30.90239639  21.37417843  -3.05910149] 21.71883659785372 1000192
[  2.85897446 -24.20719425 -27.85974565  30.06042952  29.11805498
  -1.72142636 -29.36688164  19.2902005   19.02971467 -17.817778  ] 21.94412163100101 1000192
[-19.17553692  21.29001829  13.85349615  16.1135335   -2.92688301
 -33.55290739  22.76281145  18.02154953 -29.72341036  -7.7915591 ] 21.891145289191726 1000192
[ -6.73041766   1.31778336   0.99523626  -5.12860582  11.80943522
   8.78322865 -16.9078838   -7.84875638   6.43000498   4.74042185] 17.7321883668866 1000192
[ 36.43218363  -6.97897543  13.4512661  -26.72777086  -2.15634205
 -20.36584346  15.74989207  -2.45801523 -15.41345548   9.70030494] 21.877996285978785 1000192
[ 14.92530074   6.04313349   4.26400685  10.88921525 -15.79951876
 -17.64998743  15.7347401   11.24212019 -10.19978994 -18.2755926 ] 20.05382107364865 1000192
[-15.14189621  17.78402651   7.02749773   2.8146742  -32.0401945
 -14.86851421   9.38656146  -7.71743556  20.60493626  13.23352505] 20.673470851359188 1000192
[ 18.88614831 -19.31309894  16.47510173  -4.92755142 -15.38331336
 -21.98523792 -27.43018922  19.14436353  17.90975787  11.72403534] 21.61475340243714 1000192
[ 34.18008027 -18.69532109  12.55473025 -29.11198154  -7.83721613
  29.27781995  -3.40076738  27.60365748 -15.4977342  -26.1007768 ] 21.712005485478254 1000192

Giá trị trung bình (mean) của Ackley (d=10, n=256) trong CEM: 21.096947981902385
Độ lệch chuẩn (std) của Ackley (d=10, n=256) trong CEM: 1.2652539202773347