all_results, all_fitness, num_evals
[ 10.60854929 -17.60637764  13.68778118 -33.01685758   2.27623766
  -0.83355768  26.81397958  26.30294446 -10.04142028 -15.95580773] 21.79088846862454 1000064
[ -5.01104988 -22.4804863   22.27528652  18.97659957  30.00784321
 -10.50673832 -24.62508371 -30.85187136  19.54894226  -4.25021744] 21.60566660064079 1000064
[  1.88405517 -26.15167051 -30.39060018  29.50904307  27.48051391
  -2.87859902 -30.75118265  17.50622574  16.74765218 -19.88484973] 21.791593168754833 1000064
[-19.00414041  20.35752102  14.24785974  16.17848285  -2.57264925
 -33.14546177  23.72643339  18.34153894 -29.9440844   -7.31123184] 21.74588032925955 1000064
[ -7.00582481   0.68467751   1.47355872  -5.60408609  12.99880034
   8.84319004 -16.22111971  -7.97543089   7.20206214   4.18235375] 17.828879018078354 1000064
[ 36.3839022   -5.90818073  13.40981184 -27.55934806  -1.17418484
 -20.31735113  15.79159285  -2.16787362 -14.61213937   9.72267283] 21.840615462129218 1000064
[ 14.36848884   5.37511229   3.76713429  12.12958547 -17.03162604
 -17.33980928  14.1053211   10.75611082 -11.96560766 -19.99179204] 20.09190007934622 1000064
[-15.63456942  17.6385616    5.66798143   1.9780414  -32.54662165
 -15.61949611   8.85570773  -8.54752964  19.67956098  13.77843213] 21.47512828015132 1000064
[ 18.49591294 -20.4910881   16.29164226  -5.082235   -16.1883584
 -21.46268148 -27.35296847  18.95303111  16.75862326  11.80204223] 21.97631802730281 1000064
[ 32.75182884 -18.51083973  11.78358628 -30.22026786  -8.18356851
  28.41413627  -4.65979371  26.22055324 -16.93858027 -27.47651567] 21.83479323119272 1000064

Giá trị trung bình (mean) của Ackley (d=10, n=128) trong CEM: 21.198166266548036
Độ lệch chuẩn (std) của Ackley (d=10, n=128) trong CEM: 1.2347350620388906