all_results, all_fitness, num_evals
[ 10.67340842 -17.63484897  11.79654488 -32.15156227   4.22000073
  -0.76675329  26.93878797  26.88996807  -9.00782372 -16.72937958] 20.927472151639744 1000448
[ -4.21606018 -22.22150291  23.27180396  18.21455701  31.09285251
 -10.68566741 -23.16102618 -31.72348572  21.6693463   -3.13225519] 21.27106609518 1000448
[  4.26615465 -23.77553067 -28.80463602  29.39964524  29.49820512
  -2.13583883 -29.57089439  18.93660118  20.21458013 -18.33774248] 21.850223118296345 1000448
[-19.67052151  21.74387861  14.27389992  16.67099706  -2.25505693
 -33.26387266  22.25870335  18.70745958 -29.3923319   -7.77056411] 21.68920193671772 1000448
[ -6.27733956  -0.11978414   1.25882751  -6.08397989  11.37540028
   8.2552419  -16.09977763  -7.97906526   6.1768857    4.81426317] 17.39230252806408 1000448
[ 36.43346324  -5.24296786  13.83885175 -26.83857367  -2.98500933
 -19.87951219  14.82353544  -2.7281926  -14.40355681  10.04565886] 20.89567426891408 1000448
[ 14.57639201   6.32806699   4.78418017  11.19221483 -15.83056267
 -17.25668446  14.23842353  10.97138523 -11.09478776 -17.08582603] 19.958918637262705 1000448
[-14.98042276  18.75880279   7.32796013   1.78004302 -32.92993188
 -14.26686625   9.02940438  -9.89570086  19.17133945  12.52004079] 20.60919242230354 1000448
[ 19.63452789 -18.80219222  17.70004538  -4.00339382 -14.70059095
 -20.81051844 -26.21982449  19.98356513  18.74652247  12.2856743 ] 21.04657223604864 1000448
[ 34.01288695 -18.60611642  11.61965007 -29.08791996  -9.03207386
  28.65375483  -4.33499362  27.00873408 -15.20958346 -26.63477165] 21.77991952228301 1000448

Giá trị trung bình (mean) của Ackley (d=10, n=512) trong CEM: 20.742054291670986
Độ lệch chuẩn (std) của Ackley (d=10, n=512) trong CEM: 1.2443731434326057