[(array([ 1.91738007e-03, -7.84873780e-05,  6.33592020e-04, -2.66476319e-04,
          5.90790240e-05, -3.03930004e-04, -5.05566207e-04, -7.62091661e-04,
         -4.50283298e-04,  8.05013700e-04]), 5.938001836798977e-06, 90113),
 (array([ 0.00020491,  0.0007626 ,  0.00053161,  0.00169243, -0.0014217 ,
          0.00090259, -0.00134437,  0.00051749,  0.00069027,  0.00038477]),
  9.30605597055727e-06,
  87041),
all_results 
(array([ 7.87164922e-04, -1.97946182e-03,  1.56361496e-05,  1.04321901e-03,
          1.61263738e-04, -1.97252360e-04, -4.97318545e-04,  4.28709709e-04,
         -9.93965938e-04, -3.05460945e-04]), 7.2037550048249536e-06, 88577),
 (array([-6.61476174e-04,  5.07750307e-04,  2.17814667e-03,  9.02641879e-04,
          2.77618988e-04,  9.63115435e-04, -7.84327562e-04,  1.32181467e-03,
          1.49415870e-04,  9.09169903e-05]), 9.652064774883613e-06, 87553),
 (array([ 0.00012037, -0.00064409, -0.00108026, -0.00068978,  0.00127064,
         -0.00086828, -0.00075286,  0.00199014,  0.00032774, -0.00025286]),
  9.139349667478764e-06,
  90369),
 (array([ 3.19035848e-04,  1.27013096e-04, -2.28990232e-04, -1.37050829e-03,
          8.63415240e-05,  1.57406376e-03,  5.59518410e-04, -1.60305674e-04,
         -1.76662826e-03, -3.82307656e-04]), 8.139670601630686e-06, 88833),
 (array([ 1.10784993e-03,  1.70672587e-04,  1.58090278e-03, -2.59046055e-05,
         -1.10532256e-03,  6.50088766e-04,  6.08740725e-04,  4.79462814e-04,
         -4.90655534e-04, -5.66091388e-04]), 6.562390776148692e-06, 88065),
 (array([ 1.24635776e-03,  4.53690998e-05,  1.44339130e-03, -1.11436738e-03,
         -7.06944188e-04,  1.34932438e-03,  6.95469144e-04,  7.07438814e-04,
          2.17237386e-04, -3.85937428e-04]), 8.381392265444673e-06, 88321),
 (array([ 9.63757050e-05, -2.51033232e-04, -1.12662987e-03,  4.56001861e-04,
         -3.48098839e-04, -1.02547343e-03, -1.50116278e-03,  3.37546470e-04,
          4.68390317e-04,  9.00193692e-04]), 6.119472578663276e-06, 89345),
 (array([-1.18576292e-03,  2.06824503e-04, -6.64330181e-04,  6.35298165e-04,
         -2.40343748e-04, -9.56995739e-04, -1.27553599e-03, -1.57760487e-03,
          5.96456061e-05,  1.05017814e-03]), 8.489615308747114e-06, 89601)]

Giá trị trung bình (mean) của Sphere (d=10, n=256) trong DE: 7.893176878517804e-06
Độ lệch chuẩn (std) của Sphere (d=10, n=256) trong DE: 1.2850191966869343e-06