all_results
[(array([ 0.0006271 , -0.00191494,  0.00021683, -0.00113617,  0.00079087,
          0.00071223,  0.00127382,  0.00096574, -0.00019112, -0.00031414]),
  9.221408827352692e-06,
  346113),
 (array([ 0.00169161, -0.00013266, -0.00067896,  0.00075045, -0.00165144,
         -0.00040439, -0.0001277 , -0.00015511,  0.00073001,  0.00082714]),
  8.051568111991254e-06,
  338945),
 (array([ 0.00055741, -0.00026296, -0.00015683, -0.00044639, -0.00045271,
         -0.0009315 ,  0.00054515, -0.00249494, -0.00063345,  0.00069079]),
  9.076726302583347e-06,
  349185),
 (array([ 1.01445799e-03, -1.48569931e-03, -7.43005149e-04, -1.40385241e-03,
          1.30350604e-03,  2.16079776e-05,  2.14756774e-04,  1.12678941e-03,
          6.45072726e-04,  6.61594149e-04]), 9.628481102548559e-06, 353281),
 (array([-0.00074637, -0.00141767,  0.00075811, -0.00144621,  0.00138375,
          0.00034477,  0.00018714, -0.0007671 , -0.00042808,  0.00086819]),
  8.827212555862441e-06,
  350209),
 (array([-0.00016321, -0.00163562,  0.00058722, -0.00025808, -0.00015781,
          0.00097928, -0.00036761, -0.00106036,  0.00012854, -0.00080494]),
  6.021151533073198e-06,
  355329),
 (array([ 1.29259446e-04,  3.95366252e-04, -1.46983317e-03, -1.20906780e-04,
         -7.00894848e-04, -8.48173027e-04, -9.51266713e-04, -2.16832991e-05,
          4.59578017e-04,  6.56841722e-04]), 5.106733066980648e-06, 350209),
 (array([ 1.24169593e-03,  1.42980153e-03, -1.18494776e-03,  7.40621997e-04,
          1.09172519e-03,  1.09803788e-03,  9.24635474e-04, -7.09695355e-04,
          7.73977346e-06, -5.63333399e-04]), 9.612337080096126e-06, 355329),
 (array([-7.76867675e-04, -1.39713454e-03, -8.10959769e-04, -1.84364928e-03,
          1.24586062e-04,  5.43984396e-05, -9.85259618e-04, -1.57573372e-04,
          1.13503800e-03, -8.55018671e-04]), 9.645621649956516e-06, 348161),
 (array([ 0.00053297, -0.00011347,  0.00101937, -0.0021959 , -0.000223  ,
          0.00020332, -0.00075604,  0.00030282, -0.00116649, -0.00064647]),
  8.690994957343588e-06,
  350209)]

Giá trị trung bình (mean) của Sphere (d=10, n=1024) trong DE: 8.388223518778837e-06
Độ lệch chuẩn (std) của Sphere (d=10, n=1024) trong DE: 1.5018290495087242e-06
