all_results
[(array([-0.00108575,  0.00059889,  0.00071829,  0.00071112, -0.00131664,
          0.00067247, -0.00067767, -0.00105316,  0.00080254,  0.00069543]),
  7.441031022384299e-06,
  44929),
 (array([ 0.0001797 , -0.00052033, -0.00039269,  0.00154442,  0.000663  ,
         -0.00080781, -0.00029606, -0.00056127,  0.00184011,  0.00102343]),
  8.770664844744597e-06,
  44033),
 (array([-0.00087816,  0.0012553 , -0.00075962, -0.00060477, -0.00079742,
         -0.00048264, -0.00029752,  0.00047482, -0.00112755, -0.00073903]),
  6.290040702418438e-06,
  43905),
 (array([-1.08254694e-03,  1.93781340e-03,  8.21213098e-04,  1.08691233e-03,
         -5.01349652e-04, -7.23473898e-04, -7.66655694e-04,  1.11586570e-03,
         -7.33563508e-04,  2.67441446e-05]), 9.929311861363093e-06, 43521),
 (array([ 0.00033289, -0.00080347,  0.0008643 , -0.00186981,  0.00122194,
         -0.00050388, -0.00056562,  0.00086925,  0.00031316,  0.0009572 ]),
  8.83644158896173e-06,
  42753),
 (array([ 1.88211100e-03, -1.05129916e-03, -5.04899566e-04,  6.83171169e-04,
          4.81909095e-05, -6.19654190e-04,  5.51721094e-04,  9.69520651e-04,
          1.22383147e-03,  8.20064640e-04]), 9.170147756074434e-06, 42625),
 (array([-0.00070757, -0.00064746,  0.00086565,  0.00084315, -0.00076777,
          0.00133652,  0.00060909, -0.00047208, -0.00026183, -0.00194124]),
  9.186708379989724e-06,
  40961),
 (array([-0.00087847,  0.0005342 , -0.00064247,  0.00037284,  0.00077437,
          0.00113483, -0.00056384,  0.00084628, -0.00224839,  0.00048362]),
  9.819600104733237e-06,
  43137),
 (array([ 7.82158970e-04, -1.38895280e-03, -7.29498812e-05,  1.68631592e-03,
         -5.72867996e-05,  7.54462758e-04,  2.57646287e-05,  1.80453475e-04,
          2.44417989e-04, -7.11430896e-04]), 6.561542757218926e-06, 45825),
 (array([-1.00086308e-03, -2.08704792e-03, -8.76992713e-04,  1.69840961e-04,
         -8.48261076e-04,  6.20300279e-05, -7.31209190e-04, -1.02087585e-03,
          7.41785185e-05, -2.33504915e-04]), 8.515734028454906e-06, 43393)]

Giá trị trung bình (mean) của Sphere (d=10, n=128) trong DE: 8.452122304634337e-06
Độ lệch chuẩn (std) của Sphere (d=10, n=128) trong DE: 1.209614498328075e-06