all_results 
[(array([-1.75463886e-04,  1.15720002e-03,  8.84948773e-04,  8.30614270e-04,
         -2.74760222e-04,  7.90545623e-04,  1.67935391e-03, -9.03700535e-04,
          6.59722953e-04, -5.25554588e-05]), 7.618310095983359e-06, 10305),
 (array([-0.00036059,  0.00053234, -0.00119776, -0.00038299,  0.00023403,
         -0.00030103,  0.0022459 ,  0.00022305, -0.00076609, -0.00010487]),
  7.831838654135873e-06,
  12193),
 (array([ 0.0001803 , -0.00087869, -0.00110639,  0.00045104, -0.00038249,
          0.00192596,  0.0002597 ,  0.00049252, -0.00044087,  0.00166861]),
  9.376392005768869e-06,
  10529),
 (array([-6.04803876e-04,  7.53790139e-06,  1.52266934e-04, -3.22285444e-06,
          1.14914329e-03,  7.86097036e-04,  2.73604433e-05, -1.16052458e-04,
         -9.95501232e-04,  2.10439803e-03]), 7.761249559464317e-06, 9697),
 (array([-0.0003647 , -0.00098334,  0.00102875,  0.00090456, -0.00090067,
          0.00131354, -0.0007316 ,  0.0005533 ,  0.00107782, -0.00108553]),
  8.694604285329827e-06,
  9985),
 (array([ 0.00098961, -0.00039932,  0.00133777,  0.00053409, -0.00028124,
          0.00013345, -0.00124944, -0.00086353,  0.00151684,  0.00068459]),
  8.38681273033522e-06,
  9569),
 (array([-2.86228316e-04, -8.56010255e-04,  6.05477977e-04,  2.28580967e-03,
         -3.48671733e-04,  4.06238898e-04, -1.03768040e-03, -1.33518366e-03,
         -2.66028485e-04, -6.57425020e-06]), 9.623122051425155e-06, 10593),
 (array([ 0.00061249,  0.00108955,  0.00123081, -0.00015476, -0.00010484,
          0.00081789,  0.00171047, -0.00116082, -0.00011765, -0.00072727]),
  8.597028178050257e-06,
  11329),
 (array([-8.29214584e-04, -4.52779062e-04,  3.46107480e-04, -1.65379075e-03,
          3.42162620e-05,  5.56827868e-04,  1.23447872e-03, -1.30618081e-03,
          6.18608971e-04,  1.08461939e-04]), 7.683135023905513e-06, 10561),
 (array([-0.00023858,  0.00248747, -0.00063743,  0.00025096, -0.00014499,
         -0.00025062,  0.00021382, -0.00047725,  0.00116938, -0.00122557]),
  9.94050431421699e-06,
  10273)]

Giá trị trung bình (mean) của Sphere (d=10, n=32) trong DE: 8.551299689861538e-06
Độ lệch chuẩn (std) của Sphere (d=10, n=32) trong DE: 8.108721301403751e-07