all_results
[(array([ 1.61319172e-03, -8.75098727e-04,  3.55586212e-04,  1.28607032e-03,
          6.70219378e-04,  1.30413421e-03, -8.64393831e-04, -9.04848510e-04,
          9.04847690e-04, -7.38650064e-05]), 9.688696678524838e-06, 21633),
 (array([ 6.34327244e-04,  2.12712193e-04,  1.36736804e-03, -1.69327018e-04,
          3.34250538e-05,  1.52059777e-03, -1.34208483e-03, -3.93083345e-05,
         -1.29331754e-03,  3.06520454e-04]), 8.22868122091163e-06, 21377),
 (array([-3.87798023e-04,  2.83304875e-04,  7.68373453e-04,  1.03269416e-03,
         -1.05575086e-03, -3.40674044e-04, -1.65348371e-03, -1.54828328e-03,
         -1.01797447e-03, -7.43389220e-05]), 9.29116041899865e-06, 22465),
 (array([ 1.44056239e-03, -9.98279282e-04, -4.57696282e-05, -9.03676634e-04,
          6.06068950e-04,  1.24846389e-04, -9.37963941e-05,  1.84670277e-04,
         -1.13126452e-03, -8.98104704e-04]), 6.402666383311089e-06, 21761),
 (array([ 0.00126811, -0.00166456, -0.00087775, -0.0001296 , -0.00066722,
          0.00167135, -0.00030067, -0.00078048,  0.00075751,  0.00029722]),
  9.766400320706706e-06,
  22657),
 (array([-7.71177147e-04,  3.98111135e-04, -8.08095103e-05, -1.84445250e-03,
          1.55950173e-04, -8.95935142e-05,  1.05143999e-04, -1.35229912e-03,
         -9.82026199e-04, -8.22093674e-04]), 7.674070949192618e-06, 21953),
 (array([ 7.77087225e-04,  1.56047448e-03,  6.27554036e-04,  1.28291595e-03,
         -4.88597926e-04, -8.59935335e-04, -1.85803881e-04,  9.83243387e-04,
         -1.09365469e-03, -7.88689866e-05]), 8.260450809860686e-06, 21505),
 (array([-5.07798843e-04,  1.13154292e-03,  7.30507673e-04,  2.41464406e-05,
          5.79597758e-04, -4.24777296e-04,  3.32430414e-04,  5.09889946e-04,
          1.53584766e-04,  6.46782900e-04]), 3.401257014475573e-06, 21569),
 (array([ 4.63598418e-04, -1.92798129e-03, -2.12363411e-05,  5.75043317e-04,
          1.49143825e-03, -7.39310875e-05, -9.31589698e-04, -5.12425556e-05,
          4.94780302e-04,  1.26598120e-03]), 9.211016119876625e-06, 21313),
 (array([-0.00024538,  0.00101326,  0.00017747,  0.00109239, -0.00124235,
          0.00090992, -0.00070098, -0.00050148,  0.00120315, -0.00021878]),
  6.921386904673434e-06,
  22017)]

Giá trị trung bình (mean) của Sphere (d=10, n=64) trong DE: 7.884578682053185e-06
Độ lệch chuẩn (std) của Sphere (d=10, n=64) trong DE: 1.845588752661791e-06

