all_results
[(array([ 0.00048968,  0.00062657,  0.00117564, -0.00034238, -0.00060773,
          0.00092712,  0.00102068,  0.00104478, -0.00070253, -0.0001665 ]),
  6.015242018231662e-06,
  173569),
 (array([-7.57984266e-05,  4.78802486e-04, -8.22908997e-04,  1.27537225e-03,
         -4.54226941e-04, -3.19431644e-04, -6.90710067e-04, -3.30322205e-04,
         -2.54594891e-07, -1.63595167e-04]), 3.4600660969405394e-06, 173569),
 (array([ 8.80976750e-05, -7.92480047e-04,  1.02946356e-03,  7.71156712e-05,
          1.66426419e-03,  1.04122199e-03,  1.53358798e-03, -8.09735659e-04,
         -6.84501797e-04,  4.58750800e-04]), 9.242005328004753e-06, 175105),
 (array([-9.66381249e-04, -7.81548543e-05,  1.03808131e-03, -1.66135379e-03,
          1.44758041e-03,  7.51958097e-04,  6.85172291e-04, -4.94499080e-04,
          9.97836917e-05, -5.40649613e-04]), 8.45488930881805e-06, 179201),
 (array([ 1.70204619e-03,  3.78060184e-04, -5.82451602e-04,  7.62310057e-04,
         -1.48568894e-03, -1.45260067e-03,  5.18021090e-04, -7.68421531e-04,
          7.26981081e-04, -3.56973760e-05]), 9.666170848881785e-06, 177665),
 (array([-0.00114971,  0.00069495, -0.00103803, -0.00196418,  0.00091275,
          0.00045015,  0.00010396, -0.00125505,  0.00026995, -0.00044639]),
  9.634145071389744e-06,
  157697),
 (array([ 9.54682399e-04, -7.17233114e-04, -2.39608386e-04,  6.13718603e-04,
          1.38028647e-03, -6.29102554e-04, -3.15379275e-04,  1.08441980e-03,
          1.05421578e-03, -2.52509555e-05]), 6.548304185731351e-06, 176641),
 (array([-0.00036802,  0.00191093,  0.00187895, -0.00054319,  0.00055153,
          0.00069903, -0.00063922, -0.0002809 , -0.00068599, -0.00013856]),
  9.382730032108013e-06,
  172545),
 (array([ 0.00124545,  0.0012025 , -0.00115285, -0.00112971, -0.00052892,
          0.00085393, -0.00047124, -0.00096847, -0.00018172,  0.00084089]),
  8.51153524069139e-06,
  173569),
 (array([ 0.00023797, -0.00074811, -0.00160629,  0.00055079, -0.00134179,
         -0.00128471,  0.00080024,  0.00036836, -0.000375  ,  0.00126712]),
  9.472998172690926e-06,
  179201)]

Giá trị trung bình (mean) của Sphere (d=10, n=512) trong DE: 8.038808630348821e-06
Độ lệch chuẩn (std) của Sphere (d=10, n=512) trong DE: 1.954021876044505e-06
