all_results, all_fitness, num_evals
[ 0.86306816 -1.07665641  1.28306623 -2.25183803  1.00905059  1.55963045
  1.67374124  1.99379501  1.48304154  0.08216518] 4741.058864324721 1000064
[ 0.0026405  -0.3032596   1.11354471  2.07908437  1.25536857  0.48169842
 -0.19633252 -1.74824288  0.93358789  0.34910909] 2073.2088227417107 1000064
[ 0.46359049 -0.83820264 -1.21136444  1.18475049  1.19858422  0.13699581
 -1.49888983  1.74896154  1.10903205 -0.70602095] 1684.5946482180564 1000064
[-1.24220556  1.41162605  0.82757527  1.19712611 -0.28211836  0.22393493
  0.69171814  0.963456   -1.10714368 -0.62212792] 1292.4843577634158 1000064
[-0.27010398  0.23911192  0.38507107  0.35066709  0.95772419  0.45128998
 -0.33201262 -0.59615357  0.43244246  0.062376  ] 197.67947210056784 1000064
[ 2.20871652e+00 -6.63239336e-01 -8.34351015e-02 -5.86410572e-01
 -4.83289177e-01 -9.10965087e-01  3.41556246e-04 -1.30574163e-01
 -1.52825298e+00  2.52891043e-01] 4098.51999036921 1000064
[ 1.19973075 -0.05602378  0.55976809  1.1142232  -0.55760132 -0.23713313
  0.67421367  1.03028213 -0.60144621 -2.39927429] 1790.6275945096536 1000064
[-0.3490323   0.22525767 -0.56964477  0.09397613 -0.82257508 -0.76311998
  0.66246962 -0.07354775  1.7509708   1.92313629] 797.436557164594 1000064
[ 0.94645291 -0.48434281  0.88959257  0.95560176 -0.08499842 -0.45372786
 -1.07556058  0.83503231  1.19909718  0.65596838] 627.7156140019808 1000064
[ 1.70486284 -0.36726426 -0.093817   -1.54117244 -0.75465955  1.33956613
 -0.29062538  1.48341314 -1.02719679 -1.16549915] 4540.782472430822 1000064

Giá trị trung bình (mean) của Rosenbrock (d=10, n=128) trong CEM: 2184.410839362473
Độ lệch chuẩn (std) của Rosenbrock (d=10, n=128) trong CEM: 1589.327834475199