all_results, all_fitness, num_evals
[ 0.24035985 -0.75050265  1.20471155 -1.48415712  0.23902849  0.17477947
 -0.00312734  1.3188556   0.03876039 -1.73388784] 2132.7432030944974 1000448
[-0.49669427 -0.93370307  0.62943621  1.38238253  1.63255277 -0.26961455
  0.10633898 -1.08190391  0.19388924  0.26844343] 1345.94196818316 1000448
[ 0.196414   -0.5178004  -1.61811101  1.22077094  1.82627706  1.04334928
 -1.2412653   1.31824575  1.12338125 -0.17895041] 1927.4545717848812 1000448
[-0.81563301  0.47957389  0.25717856  0.7315708   0.4248766  -0.88671358
  1.16003205  0.18013588 -0.76882738 -0.08144276] 434.079084658875 1000448
[-0.20261788  0.16621903  0.29904144  0.11784968  0.55531524 -0.016724
 -0.05935373  0.27238095  0.04685231 -1.06452459] 177.54768343516687 1000448
[ 1.27579598  0.17527386  0.40441424 -0.78338203  0.09789249 -1.11091583
  0.99265455  0.6495453  -0.15566615  0.22158177] 532.1124684789177 1000448
[ 0.44233104  0.20642229  0.91814913 -0.0528226  -0.48607111 -0.56273709
  1.03964918  0.9110317  -0.006649   -1.47046784] 593.7752731835974 1000448
[-0.21946022  0.81587352  0.11376814  0.02397915 -0.92834333 -0.0504731
  0.75436156 -0.35256307  1.64057524  3.47237187] 701.6541593438592 1000448
[ 0.2830122  -0.11607571  1.34490786  0.33503001 -1.02276037  0.0546229
 -0.95638092  0.64163513  1.30351184  0.87657735] 883.4691190302043 1000448
[ 1.79245047 -0.6486984  -0.26249548 -0.97384828 -0.91081401  0.6437363
 -0.32572245  0.84587835 -0.53575403 -1.17245875] 2491.553126261618 1000448

Giá trị trung bình (mean) của Rosenbrock (d=10, n=512) trong CEM: 1122.0330657454776
Độ lệch chuẩn (std) của Rosenbrock (d=10, n=512) trong CEM: 763.0194153801115