all_results, all_fitness, num_evals
[ 0.76738694  0.18750468  0.7616835  -0.86771065  0.5444875   0.39084592
  0.83775076  0.71035344 -0.16125592 -0.89160958] 465.52621312120385 1000448
[-0.35907076 -1.11128214  0.8467461   0.6117896   1.50352766 -0.36481999
 -0.41177902 -0.65428701  0.6638209  -0.39979085] 1173.9802645310244 1000448
[-0.08453005 -0.61287736 -1.1948416   1.11305972  1.38275518  0.83160326
 -1.28890743  1.41944639  0.80736058 -0.89880702] 1212.3269841185625 1000448
[-0.83599378  0.77025101  0.5328865   0.14604932  0.5867876  -0.98638011
  0.67767124  0.01793694 -0.914434    1.12934201] 345.5126271759672 1000448
[-0.90318662  0.50458746  0.57199092 -0.09396866  0.33819488  0.24501866
 -0.05937132  0.01482905  0.47935311  1.30279126] 198.19633130728357 1000448
[ 1.15800638 -0.10403609 -0.56160365 -0.51186318  0.00847064 -1.25797151
  1.36551919  0.2885587  -0.55917641  0.64036592] 794.9490046231156 1000448
[ 0.91565233  0.17930377  0.73647466  0.47773144 -0.45904518 -0.5418431
  0.88956178  0.79328612  0.11648917 -1.34012817] 448.7688633123963 1000448
[ 3.38960673e-01  9.11744175e-01  8.67276375e-01  3.93784762e-01
 -5.11976067e-01  1.93761395e-03  7.28345811e-01  9.82457586e-02
  1.21746022e+00  2.64312531e+00] 485.1648955017924 1000448
[ 0.54763527 -0.23725978  1.15166415  0.40049013 -0.80601287 -0.43288465
 -0.06310376  0.6050691   0.45581796  0.54742328] 508.9014304028885 1000448
[ 1.38353685 -0.27113923 -0.22137079 -0.64741964 -0.52043642  0.60125038
 -0.33083908  0.77372248 -0.2372203  -1.66440205] 1103.7458866515055 1000448

Giá trị trung bình (mean) của Rosenbrock (d=10, n=1024) trong CEM: 673.707250074574
Độ lệch chuẩn (std) của Rosenbrock (d=10, n=1024) trong CEM: 350.7827308902254