all_results, all_fitness, num_evals
[ 1.31101291 -2.03051727  1.18049172 -1.86445117  0.53903409 -0.27779316
  1.91173186  2.01670925  0.45674165 -1.53866622] 6463.159997887807 1000064
[-0.61256905 -0.48809594  1.99910289  2.05483513  1.54624318 -0.52923687
 -0.98847251 -1.97993949  1.33536507  0.29343782] 4278.312149373452 1000064
[-0.22080519 -0.63929298 -1.43212134  1.97672647  1.16232106  0.73211514
 -1.8600776   1.43152404  1.36164905 -0.34608865] 2715.167846959995 1000064
[-1.38271197  1.86201786  1.05771766  1.4010643  -0.1594454  -0.3213892
  0.69999692  0.57409963 -1.50327133 -0.38050438] 2136.8304624463753 1000064
[-0.05338639 -0.05200863  0.20053504  0.09807743  1.15610586  0.38421051
 -0.69672725 -0.75429974  0.795808    0.11054542] 494.22268163421063 1000064
[ 2.0976509  -0.49956118  0.31207056 -0.87152503 -0.59031398 -0.92740712
  0.12343801 -0.11425917 -1.36645349  0.5469891 ] 3281.801583240096 1000064
[ 0.67188266 -1.06595245  1.41686344  0.86133188 -0.70879689 -0.50664324
  0.46839307  0.86698935 -0.57449309 -1.28745484] 1178.2129377071228 1000064
[-0.27284164  1.36729118  0.34600514  0.44875922 -1.27914371 -0.27530571
  0.73206032  0.35174625  1.40575425  1.54020859] 1234.4451739562023 1000064
[ 1.27841837  0.22415293  1.38333325  1.10573141  0.10434085 -1.272827
 -0.74493118  1.3114971   1.31041299  0.98739404] 1428.3512600117167 1000064
[ 2.17890217 -1.33782903  1.25528029 -2.18237332 -0.39462795  1.48918495
 -0.02589148  2.03195686 -1.86277001 -1.54922761] 15036.474190148334 1000064

Giá trị trung bình (mean) của Rosenbrock (d=10, n=64) trong CEM: 3824.6978283365315
Độ lệch chuẩn (std) của Rosenbrock (d=10, n=64) trong CEM: 4096.262928392331