all_results, all_fitness, num_evals
[ 0.46585301 -0.98448279  1.36622226 -1.69830812  0.88940041  0.74806627
  1.18022677  1.25535167  0.51489677 -0.90980035] 2132.1563058675692 1000192
[ 0.29316086 -0.88154719  1.25138238  2.0410435   1.17633735  0.27840918
 -0.01715821 -1.63380232  0.53273075  0.21663978] 1893.3723372965346 1000192
[ 0.29578039 -0.9382303  -1.15153402  0.76491389  1.59562861  0.89926536
 -0.91067968  1.06957693  1.3045298  -0.30963407] 1644.4255251056625 1000192
[-0.82119103  0.7471007   1.18180766  1.11358398 -0.113116   -0.57738005
  0.40557403  0.80800087 -0.91379774 -0.00576466] 634.653241780467 1000192
[-0.3420935  -0.14398797  0.15776972  0.47458906  0.98094627  0.31263812
 -0.01162351  0.17942405 -0.37566185 -0.15081058] 165.9488198914437 1000192
[ 1.86675896e+00 -2.01627343e-01  1.88557208e-01 -8.91463389e-01
  1.21012228e-04 -1.34815927e+00  4.43927591e-01 -9.46069174e-02
 -1.55642793e-01 -5.47920436e-01] 1940.3990115114827 1000192
[ 0.83697968  1.22520329  0.8472735   0.56886333 -0.38668016  0.34227011
  1.15418189  1.12585126 -0.27529496 -2.26556037] 1028.9980135917772 1000192
[-0.86882002  0.61293557  0.02580076 -0.06255333 -1.12548293  0.13307151
  0.38867086 -1.03323128  1.89515426  2.56319721] 615.2924862366726 1000192
[ 0.64326544 -0.5566197   1.32418187  0.84272093 -0.70297395 -0.63476932
 -1.1116833   1.35744151  1.38099246  1.82593255] 872.9980867228796 1000192
[ 1.4651714  -1.07348137 -0.05082347 -0.67549916 -0.39708088  0.65860416
 -0.46133017  1.4975273  -1.24211442 -1.38133721] 3658.109694775285 1000192

Giá trị trung bình (mean) của Rosenbrock (d=10, n=256) trong CEM: 1458.6353522779773
Độ lệch chuẩn (std) của Rosenbrock (d=10, n=256) trong CEM: 966.2142487453312