all_results, all_fitness, num_evals
[ 1.15189214 -1.29554978  1.12889965 -2.40824623  0.82454402  0.32419095
  2.1139309   2.20548121  0.59814472 -0.20194237] 7349.151943827164 1000032
[ 0.04462798 -1.52792543  2.15729901  1.44818644  1.78142106 -0.30332751
 -1.19133814 -1.95508969  1.53795348 -0.88169119] 5388.141748342379 1000032
[-0.09380955 -1.3638818  -1.86765316  2.5976758   1.59204184 -0.31725129
 -1.66454028  1.13690775  1.10208314 -0.17890999] 5932.098376766812 1000032
[-1.74011618  2.17158315  1.62404837  1.99512087  0.1156607  -2.16349859
  1.58757359  1.28167457 -1.44487836 -0.17860945] 5642.638910337266 1000032
[-0.73565585  0.39457998 -0.00971052 -0.80503618  1.17612628  0.38577815
 -0.80241555 -0.8576235   1.31694254  1.04275546] 609.5245969066432 1000032
[ 2.81470184 -0.45174298  0.13869793 -0.89986668 -0.93320805 -2.40360222
  1.18138486  0.09017918 -0.53297907  1.12644835] 10884.993214652326 1000032
[ 1.12565674 -1.02044628  1.20257185  1.06818039 -1.28632538 -1.0374427
  1.43154698  0.74702612  0.24483963 -1.17972904] 2214.1513136954536 1000032
[-1.32505724  1.74843529  0.57491191  0.91416901 -1.84777404 -0.17302404
  1.28097992  0.23857231  1.7586438   1.57040022] 3548.5376704500272 1000032
[ 1.23485281 -1.03975814  0.8310622  -0.55408039 -1.38643938 -1.12783835
 -1.38949622  2.3971009   1.51725206  1.22232517] 4695.7971754048485 1000032
[ 2.00841851 -1.65149794  1.33906144 -2.12339831 -1.02109876  1.67358257
  0.12437295  1.83693069 -1.19352149 -1.65752649] 12169.926376384146 1000032

Giá trị trung bình (mean) của Rosenbrock (d=10, n=32) trong CEM: 5843.496132676706
Độ lệch chuẩn (std) của Rosenbrock (d=10, n=32) trong CEM: 3392.8395565758524