all_results, all_fitness, num_evals
[ 194.96375922 -332.67932618  231.6777999  -609.07490404   47.88257503
  -29.85283934  485.03238112  489.41925187 -184.90948219 -304.16175154] 295.4932947547577 1000032
[ -66.72133966 -394.44143075  408.35293459  341.65226203  566.79461335
 -171.70424668 -421.74888392 -568.9119031   383.53674457  -58.82373153] 362.5619068173964 1000032
[  66.55566655 -440.45151774 -520.58565734  549.86813332  546.09205724
  -31.4351505  -524.84956797  366.36855242  336.83671529 -352.65133906] 430.6278478254552 1000032
[-349.84229583  396.78093878  245.14015235  295.25038102  -41.51253924
 -606.40263374  418.69439643  326.2697786  -536.73321131 -148.40124102] 348.05533616401146 1000032
[-128.20899797   22.5952871    24.25368729 -109.35931858  241.98423163
  171.67078973 -303.59272881 -156.26899174  145.80153294   90.95351883] 66.91054402922192 1000032
[ 658.72213241 -110.11646462  243.1061711  -500.42244073  -54.30099518
 -378.05181125  282.13282469  -41.01288804 -266.21228095  175.30188104] 272.07259856404835 1000032
[ 289.31953178  105.84773228   90.94006843  214.35970322 -306.62848968
 -322.13899351  289.40464276  210.71783871 -190.73985008 -355.04114533] 160.32881983759876 1000032
[-276.39015533  331.66396863  136.218977     58.26586674 -599.70948605
 -281.97509026  166.96922136 -150.82614052  364.97996499  252.3839086 ] 224.75057611410688 1000032
[ 349.58455304 -362.88999946  314.07870187  -77.60438014 -289.29434183
 -367.33905145 -485.00011256  380.10599761  329.84924967  218.6410172 ] 279.35694877109853 1000032
[ 619.54084392 -337.18674261  232.18119899 -541.55846097 -152.26393274
  536.76134272  -86.74658712  492.734455   -283.61078892 -482.31198891] 430.84664662655655 1000032

Giá trị trung bình (mean) của Griewank (d=10, n=32) trong CEM: 287.1004519504251
Độ lệch chuẩn (std) của Griewank (d=10, n=32) trong CEM: 109.30297261996057