all_results, all_fitness, num_evals
[ 195.09899643 -332.32137587  231.65053292 -607.97864415   49.49102306
  -31.72243048  484.0795085   489.00505264 -185.15311143 -304.56358044] 294.9215733304 1000064
[ -68.99679627 -396.97224771  406.50196494  339.16600437  563.76092826
 -174.4936     -423.28585299 -571.22095153  381.07192853  -60.27193653] 362.2907074019659 1000064
[  65.81724382 -441.15679985 -521.01957622  547.61494235  543.7490337
  -32.47252091 -525.98061096  364.54413343  336.71042732 -355.0644269 ] 429.977171409874 1000064
[-350.17119371  396.61093213  244.75744663  295.01834307  -41.30041645
 -604.21886056  418.06549761  325.87901443 -536.0214051  -148.0354004 ] 346.96331909982354 1000064
[-129.86190434   19.52657157   20.87178704 -111.80890276  238.06158214
  168.8791711  -306.70492111 -159.04685461  141.77633771   87.64434039] 66.55257145568436 1000064
[ 660.6014108  -107.10013893  245.27147594 -496.81188586  -51.02204331
 -375.73264404  283.47977377  -38.79516686 -264.67257033  177.72845717] 271.4139167758775 1000064
[ 285.27179168  102.57226252   87.56618596  211.16539232 -308.60028834
 -325.56863742  286.13963696  206.59157188 -194.51022338 -357.96782439] 159.970407233373 1000064
[-275.83871561  331.51338732  135.76879659   58.51770366 -599.00434517
 -282.70715566  166.4524881  -151.02859616  365.38298572  252.08716615] 224.51552319436246 1000064
[ 348.60764174 -362.67397218  312.56716425  -77.47625958 -289.89062085
 -367.86499422 -486.25507551  377.84129578  328.06165001  216.43133808] 278.44918163645326 1000064
[ 621.03900951 -335.79708261  233.58768228 -539.38304529 -150.03488407
  539.0195216   -84.96308604  494.78828213 -281.61490427 -479.77401709] 430.61896985274655 1000064

Giá trị trung bình (mean) của Griewank (d=10, n=64) trong CEM: 286.5673341390561
Độ lệch chuẩn (std) của Griewank (d=10, n=64) trong CEM: 109.24650481728516