all_results, all_fitness, num_evals
[ 201.86067603 -323.97666384  237.38591379 -601.38354515   55.49312912
  -24.20288315  489.51546285  495.29115809 -178.36619637 -297.9517499 ] 294.1424595943813 1000448
[ -69.80076919 -398.28947563  402.61241104  338.1409134   562.07049424
 -175.04051673 -422.75471352 -571.68941222  379.28717058  -62.27821655] 360.9054639968996 1000448
[  65.75825739 -439.67951759 -519.04337248  547.8431101   545.61024059
  -31.19975437 -523.09279638  365.88021247  338.39122817 -353.15499801] 429.12500056445236 1000448
[-349.01100442  394.92729045  244.6238721   294.1507787   -41.7563439
 -604.91129695  417.65051235  325.37462852 -536.03773399 -147.56289834] 346.25169402325076 1000448
[-129.85581383   19.56158126   21.34887611 -112.89608872  237.72637468
  168.38214098 -306.17354729 -157.80240174  142.36905997   86.78151927] 66.39170890595038 1000448
[ 659.54830165 -106.15351792  246.19653817 -497.51423897  -50.69723926
 -374.7403223   283.11527758  -37.73256696 -264.25825689  176.24758744] 270.84910606061203 1000448
[ 283.91327412  102.06929682   85.42553505  209.23737751 -309.4068693
 -326.53523915  283.21897539  204.70354509 -195.55728294 -358.52471975] 159.32188526301204 1000448
[-270.2907704   337.60786818  142.523779     63.89823627 -592.08878552
 -276.24415238  172.4204807  -143.69360889  370.01471879  257.6377279 ] 223.82791507309443 1000448
[ 348.90561691 -362.30222585  312.23811487  -77.8424823  -289.18216178
 -367.01880563 -486.10720734  376.96183463  328.46394525  216.00735027] 277.95679041248127 1000448
[ 616.17139136 -338.82993229  228.3619783  -542.74828013 -154.94146632
  534.24824221  -90.00491985  488.63147637 -283.69368284 -483.41143698] 428.8939329208375 1000448

Giá trị trung bình (mean) của Griewank (d=10, n=512) trong CEM: 285.7665956814972
Độ lệch chuẩn (std) của Griewank (d=10, n=512) trong CEM: 108.9243081760287