all_results, all_fitness, num_evals
[ 210.74396741 -315.46531075  245.58069715 -591.92718869   64.30308321
  -15.93252267  498.54782782  504.26812188 -169.8688927  -288.41484222] 294.0453501547888 1000448
[ -69.62254154 -398.57586753  402.45348999  338.19847091  562.63769426
 -175.27922134 -422.71666152 -571.20579462  378.80498539  -62.22929919] 360.8126462326181 1000448
[  65.79969445 -439.88583221 -518.40413017  547.79640772  545.3451171
  -31.50227709 -523.57060717  365.12770172  338.67630906 -353.26666011] 428.96124751993244 1000448
[-342.90560809  400.54420506  249.79283949  300.97575126  -34.14976853
 -599.14277172  424.15196934  331.01444901 -529.56827828 -140.88591373] 345.9400824016929 1000448
[-197.15162244  -46.72127315  -46.56077709 -180.12072501  170.94224858
  100.95338174 -372.95002665 -225.02848445   75.3659246    19.93984932] 78.72146901467711 1000448
[ 659.73475292 -106.5559029   244.89225894 -496.70106623  -50.39231321
 -374.72876381  283.36331002  -36.97657473 -264.24366596  177.05185324] 270.42787230845835 1000448
[ 260.74678627   78.86820075   62.93842115  187.4553182  -331.16653783
 -347.77155336  259.83438326  182.48219609 -217.81936385 -381.46839468] 160.4236117627876 1000448
[-275.99822181  330.96100836  135.70617444   57.37148822 -598.78477635
 -280.8363897   165.8998296  -150.32764389  364.05982722  251.34043829] 223.6656653016523 1000448
[ 348.44090834 -362.0514511   312.28973816  -77.98126022 -288.82028303
 -367.4442726  -486.22075951  376.81848992  328.30528593  216.27235188] 277.87290777909664 1000448
[ 616.25611747 -338.25252691  228.41021785 -542.50977313 -155.40298363
  533.15066691  -89.66516122  488.6409886  -284.18087857 -483.7414208 ] 428.57459601096195 1000448

Giá trị trung bình (mean) của Griewank (d=10, n=1024) trong CEM: 286.9445448486666
Độ lệch chuẩn (std) của Griewank (d=10, n=1024) trong CEM: 106.27272180829173