all_results, all_fitness, num_evals
[ 192.8495443  -333.34680537  228.25059397 -609.86516261   46.44266466
  -33.38216592  480.94992471  487.65731557 -187.48294336 -306.24308268] 294.3799307577055 1000192
[ -70.09771783 -398.30930951  403.49079458  338.93910591  562.39772771
 -174.18930417 -423.40121773 -571.82020916  379.2896063   -62.21956877] 361.4457729046346 1000192
[  66.65534021 -438.85989798 -519.33662772  548.46092418  546.24468653
  -30.49204233 -523.72725822  365.43906004  337.98983447 -353.32633694] 429.4384562402278 1000192
[-349.58313185  395.49155133  244.82712682  294.65970697  -41.29491738
 -604.65651703  417.50070776  325.23885103 -535.97131933 -148.4425733 ] 346.49397521504227 1000192
[-129.79363476   19.39910929   21.61808371 -112.06919476  238.68231241
  168.25509011 -306.21164362 -158.35931416  141.76926688   86.65648194] 66.4111150025325 1000192
[ 659.73765293 -106.24214255  246.3439962  -497.36823116  -50.99185845
 -374.745669    282.98603755  -38.7399688  -264.48060557  177.59231269] 271.09166512006664 1000192
[ 285.26457969  103.81616898   86.94589826  210.9647659  -308.31572316
 -325.21087644  285.73038828  205.60823249 -193.95664779 -358.08926311] 159.69673983190967 1000192
[-276.00730912  331.52226519  135.86913357   57.99158047 -598.53989398
 -282.0301308   167.40733158 -150.37208873  364.52099892  251.93850182] 224.15418758799575 1000192
[ 351.7721932  -360.5322374   314.44372905  -75.7493138  -287.43921125
 -365.98416054 -484.18649116  378.51440219  329.73119896  217.10847347] 278.09506135971014 1000192
[ 619.6719932  -336.23645714  230.8643461  -540.16229777 -152.03538242
  536.23884665  -87.06656519  492.16964009 -282.75008828 -480.76785884] 429.42125366341537 1000192

Giá trị trung bình (mean) của Griewank (d=10, n=256) trong CEM: 286.062815768324
Độ lệch chuẩn (std) của Griewank (d=10, n=256) trong CEM: 109.01718174626278