all_results, all_fitness, num_evals
[ 192.87420833 -334.03678427  227.86726758 -609.99471546   47.18758038
  -33.75162027  481.33300657  487.5684825  -186.96412141 -306.91978467] 294.64157244585635 1000064
[ -71.52895241 -399.19262628  402.78397498  337.88828331  560.78725564
 -176.52837013 -425.78726599 -574.05414997  377.13496224  -63.5437658 ] 361.87195541040336 1000064
[  66.67852818 -439.65465298 -519.24524281  549.06986959  545.589497
  -31.10161999 -523.75406187  366.26315634  337.98989599 -353.68825296] 429.810945143039 1000064
[-349.54956153  395.47850932  244.41776775  294.65830954  -41.45472078
 -604.82970002  417.49591393  325.99667524 -536.23306947 -148.46997052] 346.64492898227553 1000064
[-129.58779233   19.18281319   20.34109351 -112.20610898  238.43974675
  169.4351089  -305.70467376 -158.18714774  142.05682067   87.71734658] 66.39849201556467 1000064
[ 660.59400398 -107.21176735  245.54941666 -496.74489909  -51.09141009
 -375.64811312  282.71379909  -38.66294303 -264.73014845  177.82439066] 271.32189841597796 1000064
[ 285.09457778  103.07638669   86.99081628  211.458422   -309.18653028
 -324.8406214   284.59853465  206.89507175 -194.0025122  -358.14971081] 159.72877590972723 1000064
[-275.10984429  331.06713061  136.26456867   58.88902352 -598.71359199
 -282.52668968  166.59216941 -150.82094354  365.31060642  252.72437293] 224.35658847484203 1000064
[ 350.95777991 -360.43220434  313.92567816  -75.60683109 -288.19843174
 -365.8555774  -484.42859408  378.91603334  329.97540866  217.58109877] 278.1713952317867 1000064
[ 617.78586027 -337.53549293  230.13480709 -541.45894105 -153.36737151
  536.31667665  -87.80822627  491.45322844 -283.56495832 -482.77583093] 429.89750470487655 1000064

Giá trị trung bình (mean) của Griewank (d=10, n=128) trong CEM: 286.28440567343495
Độ lệch chuẩn (std) của Griewank (d=10, n=128) trong CEM: 109.15227756956583