all_results
[(array([-33., -33., -33., -33., -33., -33., -33., -33., -33., 433.]),
  19.999999999987384,
  1000001),
 (array([-33., -33., -33., -33., -33., -33., -33., -33., -33., -33.]),
  19.972792639249043,
  1000001),
 (array([-33., -33., -33., -33., -33., -33., -33., -33., -33., -33.]),
  19.972792639249043,
  1000001),
 (array([433., 433., -33., 433., 433., -33., 433., -33., 433., 433.]),
  20.0,
  1000001),
 (array([-33., -33., -33., 433., -33., -33., 433., 433., 433., 433.]),
  20.0,
  1000001),
 (array([-33., -33., -33., -33., -33., -33., -33., -33., -33., -33.]),
  19.972792639249043,
  1000001),
 (array([-33., -33., -33., -33., -33., -33., -33., -33., -33., -33.]),
  19.972792639249043,
  1000001),
 (array([-33., -33., -33., -33., -33., -33., -33., -33., -33., -33.]),
  19.972792639249043,
  1000001),
 (array([-33., -33., -33., -33., -33., -33., -33., -33., -33., -33.]),
  19.972792639249043,
  1000001),
 (array([433., 433., -33., 433., 433., -33., 433., 433., -33., -33.]),
  20.0,
  1000001)]

Giá trị trung bình (mean) của Ackley (d=10, n=32) trong DE: 19.983675583548166
Độ lệch chuẩn (std) của Ackley (d=10, n=32) trong DE: 0.013328830215988994