all_results
[(array([-33., -33., -33., -33., -33., -33., -33., -33., -33., -33.]),
  19.972792639249043,
  1000449),
 (array([-33., -33., -33., -33., -33., -33., -33., -33., -33., -33.]),
  19.972792639249043,
  1000449),
 (array([-33.        , -33.        , -33.        , -33.        ,
         -33.        , -33.        , -33.        ,  15.00191831,
         -33.        , -33.        ]), 19.964478371280382, 1000449),
 (array([-33.        , -33.        ,  -0.99950941, -33.        ,
         -33.        , -33.        , -33.        , -33.        ,
         -33.        , -33.        ]), 19.961838588093354, 1000449),
 (array([-33., -33., -33., -33., -33., -33., -33., -33., -33., -33.]),
  19.972792639249043,
  1000449),
 (array([-33., -33., -33., -33., -33., -33., -33., -33., -33., -33.]),
  19.972792639249043,
  1000449),
 (array([-33., -33., -33., -33., -33., -33., -33., -33., -33., -33.]),
  19.972792639249043,
  1000449),
 (array([-33., -33., -33., -33., -33., -33., -33., -33., -33., -33.]),
  19.972792639249043,
  1000449),
 (array([-33., -33., -33., -33., -33., -33., -33., -33., -33., -33.]),
  19.972792639249043,
  1000449),
 (array([-33., -33., -33., -33., -33., -33., -33., -33., -33., -33.]),
  19.972792639249043,
  1000449)]

Giá trị trung bình (mean) của Ackley (d=10, n=512) trong DE: 19.970865807336605
Độ lệch chuẩn (std) của Ackley (d=10, n=512) trong DE: 0.003898608423378539