all_results
[(array([-33., -33., -33., -33., -33., -33., -33., -33., -33., -33.]),
  19.972792639249043,
  1000001),
 (array([-33., -33., -33., -33., -33., -33., -33., -33., -33., -33.]),
  19.972792639249043,
  1000001),
 (array([-33., -33., -33., -33., -33., -33., -33., -33., -33., -33.]),
  19.972792639249043,
  1000001),
 (array([-33., -33., -33., -33., -33., -33., -33., -33., -33., -33.]),
  19.972792639249043,
  1000001),
 (array([-33., -33., -33., -33., -33., -33., -33., -33., -33., 433.]),
  19.999999999987384,
  1000001),
 (array([-33., -33., -33., -33., 433., -33., -33., -33., -33., -33.]),
  19.999999999987384,
  1000001),
 (array([-33., -33., -33., -33., -33., -33., -33., -33., -33., -33.]),
  19.972792639249043,
  1000001),
 (array([-33., -33., -33., -33., -33., -33., -33., -33., -33., -33.]),
  19.972792639249043,
  1000001),
 (array([-33., -33., -33., -33., -33., -33., -33., -33., -33., -33.]),
  19.972792639249043,
  1000001),
 (array([-33., -33., -33., -33., -33., -33., -33., -33., -33., -33.]),
  19.972792639249043,
  1000001)]

Giá trị trung bình (mean) của Ackley (d=10, n=64) trong DE: 19.97823411139671
Độ lệch chuẩn (std) của Ackley (d=10, n=64) trong DE: 0.010882944295336473