all_results
[(array([-33., -33., -33., -33., -33., -33., -33., -33., -33., -33.]),
  19.972792639249043,
  1000193),
 (array([-33., -33., -33., -33., -33., -33., -33., -33., -33., -33.]),
  19.972792639249043,
  1000193),
 (array([-33., -33., -33., -33., -33., -33., -33., -33., -33., -33.]),
  19.972792639249043,
  1000193),
 (array([-33., -33., -33., -33., -33., -33., -33., -33., -33., -33.]),
  19.972792639249043,
  1000193),
 (array([-33., -33., -33., -33., -33., -33., -33., -33., -33., -33.]),
  19.972792639249043,
  1000193),
 (array([-33.        , -33.        , -33.        , -33.        ,
         -33.        , -33.        ,  -6.03579962, -33.        ,
         -33.        , -33.        ]), 19.969105520031576, 1000193),
 (array([-33., -33., -33., -33., -33., -33., -33., -33., -33., -33.]),
  19.972792639249043,
  1000193),
 (array([-33., -33., -33., -33., -33., -33., -33., -33., -33., -33.]),
  19.972792639249043,
  1000193),
 (array([-33., -33., -33., -33., -33., -33., -33., -33., -33., -33.]),
  19.972792639249043,
  1000193),
 (array([-33., -33., -33., -33., -33., -33., -33., -33., -33., -33.]),
  19.972792639249043,
  1000193)]

Giá trị trung bình (mean) của Ackley (d=10, n=256) trong DE: 19.972423927327295
Độ lệch chuẩn (std) của Ackley (d=10, n=256) trong DE: 0.0011061357652401682