all_results
[(array([-33.        , -33.        , -33.        , -33.        ,
         -33.        , -12.01039902, -33.        , -33.        ,
         -33.        , -33.        ]), 19.9641180124859, 1000449),
 (array([-33., -33., -33., -33., -33., -33., -33., -33., -33., -33.]),
  19.972792639249043,
  1000449),
 (array([-33., -33., -33., -33., -33., -33., -33., -33., -33., -33.]),
  19.972792639249043,
  1000449),
 (array([-33., -33., -33., -33., -33., -33., -33., -33., -33., -33.]),
  19.972792639249043,
  1000449),
 (array([-33., -33., -33., -33., -33., -33., -33., -33., -33., -33.]),
  19.972792639249043,
  1000449),
 (array([-33., -33., -33., -33., -33., -33., -33., -33., -33., -33.]),
  19.972792639249043,
  1000449),
 (array([-33., -33., -33., -33., -33., -33., -33., -33., -33., -33.]),
  19.972792639249043,
  1000449),
 (array([-33., -33., -33., -33., -33., -33., -33., -33., -33., -33.]),
  19.972792639249043,
  1000449),
 (array([-17.99996368, -33.        , -33.        , -33.        ,
         -33.        , -33.        , -33.        , -33.        ,
         -33.        , -33.        ]), 19.96554938920108, 1000449),
 (array([-33., -33., -33., -33., -33., 433., -33., -33., -33., -33.]),
  19.972792639249043,
  1000449)]

Giá trị trung bình (mean) của Ackley (d=10, n=1024) trong DE: 19.971200851567932
Độ lệch chuẩn (std) của Ackley (d=10, n=1024) trong DE: 0.0031996240485374044