all_results, all_fitness, num_evals
[1.02515384 1.04092302 1.04970714 0.96611932 0.91524431 0.88355355
 0.68945158 0.48514163 0.33536951 0.10709072] 1123.1451653670053 1000032
[1.00247223 0.99212367 0.94820404 0.93635584 0.85290311 0.70886079
 0.52923096 0.26575836 0.11375648 0.05192699] 154.67821227209353 1000032
[1.01347636 1.02754893 1.00767689 0.97533473 0.91454961 0.85850338
 0.72756421 0.54898248 0.3725613  0.15441564] 298.74982391418666 1000032
[0.99539442 0.9674934  0.96490464 0.97595454 0.97304998 0.94703593
 0.89121907 0.78381986 0.64486032 0.37850776] 107.85464091075514 1000032
[0.9935384  0.93965422 0.96847562 0.89898819 0.87572243 0.81132291
 0.63976436 0.45297102 0.25744259 0.04553621] 565.2927409551463 1000032
[0.99366253 0.99456088 0.9915051  0.96026074 0.96709982 0.86806654
 0.7933037  0.54688145 0.29828781 0.12606669] 380.6713030605993 1000032
[0.98486844 0.93591495 0.89459987 0.81065139 0.72329775 0.60163296
 0.41166952 0.22401686 0.12735235 0.03792252] 234.2190840740309 1000032
[1.00638722 0.98775457 0.98476921 0.95033762 0.9790032  0.9630959
 0.88691149 0.7551279  0.49382253 0.21695623] 63.2928006631858 1000032
[1.00312535 0.96147466 0.94222362 0.91294429 0.84329808 0.70915535
 0.57844609 0.38871686 0.16776723 0.06908179] 108.65365074134031 1000032
[ 0.99282404  0.97651334  0.97657635  0.9247025   0.85019783  0.7441237
  0.62183999  0.39772603  0.14833028 -0.03538924] 353.7358982457796 1000032

Giá trị trung bình (mean) của Rosenbrock (d=10, n=32) trong CEMv2: 339.02933202041226
Độ lệch chuẩn (std) của Rosenbrock (d=10, n=32) trong CEMv2: 299.51984849580816