all_results, all_fitness, num_evals
[1.00049724 0.98785266 0.99244698 0.98877456 0.97915374 0.96844052
 0.95208946 0.91832674 0.83255776 0.71984613] 66.05524173570011 1000448
[1.0084873  1.00657089 0.99608742 0.99505454 0.98142774 0.95340022
 0.90700063 0.80444897 0.64466181 0.4155946 ] 91.23376728995216 1000448
[1.00851331 0.99875689 0.99563044 0.98621299 0.98491704 0.97411416
 0.93667651 0.88026359 0.7739545  0.59448387] 129.96490160445222 1000448
[0.99019949 0.99103569 0.98902293 0.9748556  0.96728933 0.95330563
 0.90253892 0.8206799  0.6604621  0.45458369] 54.94903510134554 1000448
[0.99625657 1.00171232 1.0030628  0.99570254 0.99307328 0.99297667
 0.98170291 0.95885316 0.92562896 0.86863007] 122.70475324420819 1000448
[0.99839883 1.00130831 0.99908836 0.99319513 0.99246121 0.97347622
 0.94542823 0.89270686 0.77548428 0.60199846] 111.19408264363105 1000448
[1.00593594 1.0039004  1.0017982  1.00547736 1.0034254  1.00290683
 0.99166112 0.97752503 0.9615815  0.94187649] 64.53553680008825 1000448
[1.00642802 1.00404595 0.99865879 0.98963896 0.97195115 0.94362672
 0.90297239 0.82260992 0.66328061 0.43454353] 89.51583718699155 1000448
[1.00409448 1.00594078 0.99439391 0.98943315 0.98479843 0.9770743
 0.94562184 0.88931408 0.77530996 0.61747845] 103.95228462712578 1000448
[0.99828388 1.0130594  0.99812056 0.99135961 0.99499537 0.98669232
 0.97372416 0.92978583 0.86863171 0.74424927] 67.44751818152211 1000448

Giá trị trung bình (mean) của Rosenbrock (d=10, n=1024) trong CEMv2: 90.1552958415017
Độ lệch chuẩn (std) của Rosenbrock (d=10, n=1024) trong CEMv2: 25.042244245885325