all_results, all_fitness, num_evals
[1.00178743 1.00432862 1.00233639 0.99483238 0.97107268 0.9495849
 0.91261813 0.83617089 0.71200095 0.51551995] 57.55195289957542 1000448
[1.00574247 1.00193976 0.99803487 0.99531378 0.99170179 0.97119485
 0.95805154 0.92743428 0.86748425 0.75654084] 132.18798496486195 1000448
[1.00680051 1.0029129  0.99843795 0.98521733 0.9674299  0.94401752
 0.88519356 0.78341929 0.61356265 0.36933402] 136.44077276872437 1000448
[0.99129109 0.99899223 1.00065503 0.9948975  0.97238715 0.95969287
 0.92006541 0.84779782 0.72442999 0.52043076] 50.63537275844586 1000448
[-0.98231726  0.98768377  0.97802484  0.97111113  0.96367252  0.93461649
  0.86952512  0.78166431  0.625664    0.4046901 ] 182.0915301464556 1000448
[0.99402666 0.99569446 0.98772499 0.9918573  0.98720358 0.96913671
 0.94174887 0.88255176 0.77625995 0.61365165] 185.20206191022584 1000448
[1.00265211 1.00299578 0.99935762 0.99555557 0.99130094 0.96619987
 0.95189279 0.92348624 0.86648069 0.73828074] 91.41577576486085 1000448
[1.00987541 0.99548833 0.99364822 0.98267382 0.96885457 0.95672477
 0.91576309 0.84035173 0.69415279 0.47534049] 97.69643253230834 1000448
[0.99571479 0.99194533 0.9897408  0.9813868  0.98524271 0.96497221
 0.92207127 0.87056924 0.75622434 0.55990228] 61.377024237327184 1000448
[0.99240531 0.99663642 0.9941983  0.99706167 0.97718178 0.96185389
 0.9222608  0.86463598 0.75044993 0.55975671] 88.93348520929405 1000448

Giá trị trung bình (mean) của Rosenbrock (d=10, n=512) trong CEMv2: 108.35323931920793
Độ lệch chuẩn (std) của Rosenbrock (d=10, n=512) trong CEMv2: 46.47207910228731