all_results, all_fitness, num_evals
[1.00805262 1.00565482 0.98886634 0.98129195 0.96247713 0.92470008
 0.85834532 0.74125644 0.58305219 0.3309605 ] 66.06861490755074 1000192
[0.99387272 0.99794426 0.98181609 0.97445366 0.97308818 0.94055459
 0.87382542 0.77512378 0.62878601 0.39680778] 44.302595261942656 1000192
[1.01255913 1.00533554 0.99434366 0.98860962 0.97509884 0.93283887
 0.84577133 0.7252478  0.54623309 0.27478643] 95.27294527950673 1000192
[0.99596408 0.98361945 0.97392767 0.98176946 0.96653172 0.93991614
 0.90041752 0.82460659 0.67297396 0.46840372] 92.61861140732468 1000192
[-0.97692302  0.97927373  0.98788552  0.97427366  0.93913591  0.90689553
  0.81451521  0.66890412  0.43398283  0.1956116 ] 186.65380938223487 1000192
[0.9942354  0.98818701 0.98468028 0.96096059 0.96048812 0.93075492
 0.86359815 0.7404967  0.55059366 0.28879991] 223.7787406917338 1000192
[0.99921457 0.99507262 1.00201669 0.98986429 0.98189655 0.96865217
 0.90733577 0.82119144 0.67119548 0.46646941] 53.31519789821617 1000192
[1.00148494 1.00756874 0.99413314 0.99299272 0.97996127 0.96881865
 0.92709921 0.87759357 0.79592452 0.66858768] 148.3389507634674 1000192
[0.99097203 1.00609413 0.99272807 0.99213552 0.99420554 0.97130867
 0.95810606 0.92365381 0.86466842 0.73754948] 84.89868189049339 1000192
[0.99579719 0.9934433  0.99078114 0.98198061 0.95147579 0.89969363
 0.81311093 0.65956222 0.45267329 0.22918734] 150.50405575662234 1000192

Giá trị trung bình (mean) của Rosenbrock (d=10, n=256) trong CEMv2: 114.57522032390928
Độ lệch chuẩn (std) của Rosenbrock (d=10, n=256) trong CEMv2: 56.86026112340765