all_results, all_fitness, num_evals
[0.99744554 0.99540376 0.98531921 0.97312192 0.97270231 0.95023053
 0.91372156 0.83207361 0.69548496 0.47175634] 84.48065285164698 1000064
[0.99482255 0.98343398 0.9744945  0.98440996 0.95488944 0.92211382
 0.86163912 0.75020827 0.58320383 0.34945493] 77.45599011231238 1000064
[1.01036838 0.9959435  0.98769138 0.97893049 0.97316674 0.94733226
 0.89018244 0.78393052 0.62687468 0.38653563] 94.86548058557345 1000064
[0.98381568 0.98981903 0.98507351 0.96595206 0.9740088  0.98594872
 0.94596757 0.91836946 0.87470306 0.77131166] 207.54143683421066 1000064
[0.97866037 0.97863446 0.98360007 0.97085442 0.94703013 0.90288896
 0.83187317 0.73691263 0.55887206 0.31748583] 96.44633870710166 1000064
[0.99304274 0.99212656 0.99216464 0.96779407 0.96072823 0.94586392
 0.88579908 0.79478055 0.62831818 0.39590236] 186.17492072157594 1000064
[0.99228725 0.99832562 1.00662773 0.99121788 0.95470726 0.93908636
 0.87939724 0.77962702 0.60606097 0.33501523] 45.45694314442883 1000064
[0.9994516  1.00875871 0.99456431 0.97962608 0.95055491 0.91483108
 0.87667678 0.75526849 0.57154997 0.31210303] 108.60249391995453 1000064
[0.98662328 0.98327576 0.98617132 0.99048479 0.96011042 0.91384496
 0.86043608 0.76143885 0.58220223 0.34347229] 62.763957709261 1000064
[0.99345667 1.00203842 0.99740224 0.98247076 0.98328126 0.93723302
 0.87429338 0.77285251 0.59240536 0.35486281] 102.55882968906165 1000064

Giá trị trung bình (mean) của Rosenbrock (d=10, n=128) trong CEMv2: 106.6347044275127
Độ lệch chuẩn (std) của Rosenbrock (d=10, n=128) trong CEMv2: 48.765948460897505