all_results, all_fitness, num_evals
[1.01209594 1.00482566 1.01250923 0.98306103 0.98323763 0.94817767
 0.84629158 0.7169553  0.5060711  0.22667397] 192.93864301988586 1000064
[0.97444216 0.98881356 1.00209031 0.9987273  0.95979095 0.91797619
 0.83989217 0.69838717 0.50668544 0.24353164] 163.31619438390314 1000064
[1.01116232 1.00459259 0.99141355 0.97975394 0.98290077 0.955479
 0.90670535 0.83105688 0.68690166 0.45135627] 124.91776149359187 1000064
[1.00689392 1.01135759 1.00566878 0.99145272 0.96348604 0.92306929
 0.88031474 0.77925002 0.62180249 0.37874281] 76.46833598450164 1000064
[-0.98843394  0.9845058   0.97948638  0.97700865  0.95024213  0.9041207
  0.84835988  0.68574269  0.45617434  0.17517091] 206.31673958346778 1000064
[1.00318677 1.01153118 0.99133523 0.96380829 0.90446944 0.84470661
 0.72684921 0.52250282 0.26047756 0.06389257] 128.78278305931394 1000064
[1.0029842  0.97569009 0.97875122 0.96746581 0.96683349 0.92746396
 0.83957676 0.71562043 0.50993376 0.29984246] 83.87226466940713 1000064
[0.99359594 0.98215959 0.9887297  0.96641283 0.93601639 0.88653178
 0.78332133 0.63255387 0.41179267 0.16184434] 27.586236998571163 1000064
[0.98468447 0.9726932  0.97088533 0.9576201  0.95931663 0.92237642
 0.87813353 0.76244215 0.61659715 0.38880861] 53.0444200619701 1000064
[0.99153113 0.98416638 0.95215782 0.89603821 0.85125479 0.75187422
 0.57129806 0.3087279  0.08733308 0.0170057 ] 166.34525839676888 1000064

Giá trị trung bình (mean) của Rosenbrock (d=10, n=64) trong CEMv2: 122.35886376513815
Độ lệch chuẩn (std) của Rosenbrock (d=10, n=64) trong CEMv2: 57.50134992538669