all_results
[(array([0.81994808, 0.771174  , 0.64563385, 0.73336607, 0.83042389,
         0.96763627, 0.96990331, 1.03668215, 0.96971688, 0.90717461]),
  30.107535020880533,
  5056),
 (array([ 0.41159818,  0.18194419,  0.03720945,  0.01356878,  0.00420097,
          0.00320807,  0.01508941,  0.00921392,  0.00074149, -0.00331605]),
  7.917699452256216,
  5056),
 (array([ 5.73212478e-01,  3.27008132e-01,  1.02019884e-01,  3.04472250e-02,
          2.12939107e-02,  8.42840111e-03,  2.16444005e-02,  1.36899293e-02,
          1.05748679e-02, -3.04805981e-05]), 7.3969670181691916, 5056),
 (array([0.99385793, 0.98153755, 0.96586273, 0.93037859, 0.86300548,
         0.73957577, 0.54993327, 0.31472   , 0.10515233, 0.01091864]),
  1.5940931835490946,
  5056),
 (array([ 0.58652624,  0.34157814,  0.12117698,  0.02263117,  0.02165368,
          0.02335569,  0.00585289,  0.00907973,  0.01733317, -0.01224606]),
  7.341451957564966,
  5056),
 (array([ 0.77831941,  0.61694995,  0.36625957,  0.15092936,  0.03281509,
          0.00710935, -0.00359414,  0.01246481,  0.01448782, -0.00663748]),
  6.31041633349997,
  5056),
 (array([0.96408058, 0.9265473 , 0.86437948, 0.74812607, 0.56314343,
         0.32438968, 0.10554084, 0.02048928, 0.01788469, 0.0011829 ]),
  3.5100575884387752,
  5056),
 (array([-0.8850486 ,  0.79986171,  0.65679627,  0.42458762,  0.19550091,
          0.05275081,  0.00796383,  0.00477549,  0.01377064, -0.00271657]),
  8.664021418235372,
  5056),
 (array([0.96877815, 0.93914622, 0.88852947, 0.79808908, 0.64094051,
         0.41522625, 0.17081342, 0.03101075, 0.01598189, 0.00999268]),
  3.171433117357708,
  5056),
 (array([-0.34965128,  0.1336584 ,  0.0341619 ,  0.0058941 ,  0.00764287,
          0.01417971,  0.00886249,  0.00684365,  0.00915065, -0.00329408]),
  9.489339284537039,
  5056)]

Giá trị trung bình (mean) của Rosenbrock (d=10, n=64) trong ES: 8.550301437448885
Độ lệch chuẩn (std) của Rosenbrock (d=10, n=64) trong ES: 7.593042392316722