all_results
[(array([ 0.0945945 ,  0.05736135, -0.04198176, -0.00245303, -0.0636781 ,
         -0.03228278, -0.03242817, -0.01557103,  0.06328438,  0.05265676]),
  10.723225121229119,
  10240),
 (array([ 0.30756457,  0.18662736,  0.03879808,  0.01973819,  0.02434763,
          0.11478572,  0.08677258,  0.11690679, -0.0037414 ,  0.02543612]),
  11.458820938077197,
  10240),
 (array([-0.05331062, -0.01543134,  0.00764198,  0.0410599 ,  0.06123108,
         -0.01052654,  0.03023254,  0.05701994, -0.00240332, -0.02847685]),
  9.853599324166382,
  10240),
 (array([-0.61896003,  0.428536  ,  0.18510361, -0.00214869,  0.09420154,
         -0.02211729,  0.08100311, -0.04832085,  0.02157504,  0.04548558]),
  11.893645525841828,
  10240),
 (array([ 0.10150382, -0.09542913, -0.02769059, -0.06468327,  0.01761834,
          0.04880163, -0.01860158, -0.05254567,  0.01159306,  0.04785089]),
  11.683322019997977,
  10240),
 (array([-0.83426556,  0.67682765,  0.35826778,  0.06133793,  0.20228782,
          0.22087258,  0.09148731,  0.11547642, -0.00791233,  0.06218754]),
  19.05152312672682,
  10240),
 (array([ 0.18418679,  0.21759095,  0.01676954, -0.03279184, -0.02034253,
          0.04041723, -0.13500498,  0.02097744,  0.02534399, -0.11946512]),
  15.62415556446032,
  10240),
 (array([9.15268780e-01, 7.87909867e-01, 7.18230454e-01, 4.93277719e-01,
         3.16916739e-01, 1.63982983e-01, 3.85523898e-02, 6.34144725e-03,
         2.71666234e-02, 8.81198132e-05]), 6.6952810250956984, 10240),
 (array([ 0.36840276,  0.16407793,  0.03816969,  0.04352622, -0.01198351,
          0.02795243,  0.03095988, -0.01790938, -0.04062458,  0.02047078]),
  8.661093755898696,
  10240),
 (array([ 8.32367444e-01,  6.98164172e-01,  5.53567066e-01,  3.58648339e-01,
          2.53172560e-02,  9.99851528e-02, -6.37947094e-04,  1.19432378e-02,
         -4.47584398e-04, -6.70384386e-02]), 8.71039354824346, 10240)]

Giá trị trung bình (mean) của Rosenbrock (d=10, n=512) trong ES: 11.435505994973749
Độ lệch chuẩn (std) của Rosenbrock (d=10, n=512) trong ES: 3.412088173078877