all_results
[(array([ 0.33659804,  0.11978345,  0.00680951, -0.00476245,  0.05900315,
          0.01971266,  0.08074452,  0.01220241,  0.02928386,  0.0530171 ]),
  9.212660853491922,
  5120),
 (array([-0.37978211,  0.27155643,  0.03303742, -0.04493433, -0.12384099,
         -0.05458468,  0.07431592,  0.15009416, -0.0094089 ,  0.02730298]),
  16.28126780310325,
  5120),
 (array([ 0.93413649,  1.00255565,  0.82496534,  0.57277818,  0.28799596,
          0.18266937, -0.10953384,  0.07009009, -0.03399779, -0.14438167]),
  16.457623833962632,
  5120),
 (array([ 0.86805731,  0.74457921,  0.49192968,  0.11305258,  0.1605495 ,
          0.0051517 ,  0.15738216, -0.08380043, -0.10364239,  0.10506673]),
  15.980656104856486,
  5120),
 (array([-0.8821193 ,  0.73228915,  0.51940659,  0.32421958,  0.02307037,
          0.0115837 ,  0.04662113, -0.05895495, -0.0023633 , -0.04254451]),
  11.262604564647466,
  5120),
 (array([ 0.29127708,  0.09939494,  0.01808691,  0.03487675, -0.04266754,
          0.00503444,  0.0139903 ,  0.07842259,  0.02860127, -0.01671224]),
  9.104718827535562,
  5120),
 (array([-0.21492476,  0.10762661, -0.03149212,  0.15480491,  0.08759401,
         -0.02466105,  0.02768062, -0.00296096, -0.00825313,  0.0296717 ]),
  12.50840292850737,
  5120),
 (array([-0.76213136,  0.72303769,  0.4059704 ,  0.13790404, -0.03313329,
          0.01516103, -0.03864367, -0.09462669,  0.06661518, -0.07158484]),
  15.199384413266706,
  5120),
 (array([-0.19871463, -0.04300531, -0.05913005, -0.04983262,  0.09445516,
          0.02141287, -0.04008767,  0.0019621 , -0.02193143,  0.006387  ]),
  12.062787279794078,
  5120),
 (array([ 0.59629698,  0.24803939,  0.12127131,  0.10324249, -0.0128109 ,
          0.02740754, -0.03593394,  0.08463348, -0.09384848,  0.04996125]),
  11.829331163096619,
  5120)]

Giá trị trung bình (mean) của Rosenbrock (d=10, n=256) trong ES: 12.98994377722621
Độ lệch chuẩn (std) của Rosenbrock (d=10, n=256) trong ES: 2.673362476746605