all_results
[(array([-0.85128399,  0.73382372,  0.54017426,  0.30514076,  0.09130464,
          0.01294943,  0.00444041,  0.01668354,  0.00907717,  0.00981403]),
  9.008068960112679,
  5120),
 (array([ 0.49847525,  0.24626867,  0.08892671,  0.02186792,  0.01997777,
         -0.00507789,  0.00720204,  0.00962961,  0.00965821, -0.02011861]),
  7.729609434589001,
  5120),
 (array([7.19207242e-01, 5.34531198e-01, 2.83995180e-01, 9.15588452e-02,
         2.25027825e-02, 2.43447136e-02, 1.87713440e-02, 5.13442436e-03,
         3.17364417e-02, 2.79430913e-04]), 6.685666701195294, 5120),
 (array([8.47113083e-01, 6.98614977e-01, 4.95167589e-01, 2.39729617e-01,
         5.44179064e-02, 1.40682771e-02, 2.26269213e-02, 1.98437163e-02,
         2.61545428e-03, 5.62463952e-04]), 5.869547283747752, 5120),
 (array([ 0.29149329,  0.08675416,  0.02623983,  0.00633395, -0.01858203,
          0.02344703,  0.00760368,  0.00834201, -0.00058573,  0.01069337]),
  8.382042390411254,
  5120),
 (array([0.6698124 , 0.44082687, 0.1924437 , 0.01757005, 0.02706258,
         0.04587834, 0.03244431, 0.01215622, 0.00232592, 0.01456913]),
  7.249137263910331,
  5120),
 (array([-0.17861123,  0.03952369,  0.01586522,  0.01709843,  0.00692085,
          0.00785647,  0.00229247, -0.00346211,  0.01823373, -0.00773511]),
  9.289583301398437,
  5120),
 (array([ 6.88539845e-01,  4.72186267e-01,  2.27741769e-01,  6.79102933e-02,
          1.28136121e-02, -4.71080281e-03, -3.62600159e-03,  1.23138494e-02,
          2.61204028e-02, -2.71152774e-04]), 6.8774627697136586, 5120),
 (array([-0.38129827,  0.18336226, -0.06667752,  0.00156041, -0.0226398 ,
         -0.03573024,  0.08824017, -0.00845802,  0.1082439 ,  0.00865561]),
  12.758981969207607,
  5120),
 (array([ 6.03601811e-01,  3.62946264e-01,  1.43966905e-01,  1.00684316e-02,
          1.06259273e-02, -4.40595072e-04,  3.04239495e-02,  2.05084099e-02,
          2.43851112e-02,  5.36140161e-03]), 7.335019324705392, 5120)]

Giá trị trung bình (mean) của Rosenbrock (d=10, n=128) trong ES: 8.118511939899141
Độ lệch chuẩn (std) của Rosenbrock (d=10, n=128) trong ES: 1.8422306838899145