all_results
[(array([-4.84473014e-01,  2.49996633e-01,  7.44186431e-02,  1.54822446e-02,
          1.04891710e-02,  1.06002669e-02,  1.10720246e-02,  1.11217439e-02,
          1.04712293e-02,  8.05258304e-05]), 9.588990689151633, 5024),
 (array([0.86124815, 0.73849331, 0.53313621, 0.28055212, 0.09590153,
         0.02570958, 0.01235088, 0.01748651, 0.01385511, 0.00407412]),
  5.640894079384633,
  5024),
 (array([ 0.4664951 ,  0.22015886,  0.04156073,  0.03434579,  0.00487134,
          0.00241384,  0.00565911,  0.02344075,  0.00530029, -0.01827746]),
  7.868651454834403,
  5024),
 (array([0.64525757, 0.4296204 , 0.18257278, 0.0353202 , 0.01353067,
         0.01123985, 0.01720875, 0.00906436, 0.00296938, 0.00117732]),
  7.026178236855469,
  5024),
 (array([ 0.8967142 ,  0.80036587,  0.64025518,  0.393988  ,  0.15748003,
          0.03678799,  0.00765011,  0.00510143,  0.01510329, -0.00561909]),
  5.203754115499599,
  5024),
 (array([0.77298145, 0.60794625, 0.37156896, 0.13861135, 0.02610174,
         0.00849   , 0.00365217, 0.00847932, 0.0090463 , 0.00393204]),
  6.271699199846889,
  5024),
 (array([ 0.73317492,  0.545327  ,  0.30727522,  0.10203299,  0.02644453,
          0.00832301,  0.00623319,  0.01529496,  0.01022448, -0.00536354]),
  6.525449232475585,
  5024),
 (array([ 0.86559311,  0.7507645 ,  0.55848557,  0.32049433,  0.11404641,
          0.02237491,  0.00981435,  0.00395652,  0.01132187, -0.00911176]),
  5.490933107482285,
  5024),
 (array([-0.95537179,  0.91744407,  0.85172922,  0.73156964,  0.53192319,
          0.28745641,  0.08938134,  0.02262342,  0.00793728, -0.00596084]),
  7.474073041518029,
  5024),
 (array([-0.83113468,  0.70516771,  0.50649644,  0.26266211,  0.07918219,
          0.01697449,  0.01068245,  0.01010355,  0.00795664, -0.003766  ]),
  9.067459873663584,
  5024)]

Giá trị trung bình (mean) của Rosenbrock (d=10, n=32) trong ES: 7.015808303071211
Độ lệch chuẩn (std) của Rosenbrock (d=10, n=32) trong ES: 1.4163799471052614