all_results
[(array([ 0.48182025, -0.01712978, -0.05749816,  0.31873579,  0.04741558,
          0.01432657,  0.07261954,  0.19544121, -0.01516584,  0.10346529]),
  29.599397202460477,
  10240),
 (array([ 0.43565618, -0.0007376 , -0.08172374, -0.04398328, -0.00831685,
         -0.01917535, -0.21194738,  0.23310726, -0.0804912 ,  0.19760765]),
  26.982312593031384,
  10240),
 (array([-0.52046222,  0.27458929,  0.04728881,  0.3999737 ,  0.07890633,
         -0.64291523,  0.31348511,  0.13168683, -0.30442289,  0.22531411]),
  82.49706726283938,
  10240),
 (array([0.81520466, 0.58127074, 0.64892069, 0.7042742 , 0.85232771,
         0.49807462, 0.31350024, 0.1176581 , 0.09104917, 0.2476235 ]),
  45.85995786245189,
  10240),
 (array([-0.67783552,  0.47838633,  0.2450551 ,  0.15425788, -0.10283002,
         -0.00343222, -0.07254099,  0.06012804,  0.13166106, -0.00224536]),
  14.461144894032918,
  10240),
 (array([-0.77650248,  0.52811715,  0.20676725, -0.3892793 , -0.40785952,
          0.17419855,  0.04511834,  0.42562108,  0.22303469,  0.06747847]),
  79.6629292470408,
  10240),
 (array([ 0.51238814,  0.16613373,  0.00285116,  0.16359065, -0.03405822,
         -0.06093451,  0.05074062,  0.79839322,  0.69007706,  0.62218239]),
  76.24367861160498,
  10240),
 (array([ 0.94832395,  0.76161186,  0.45003454,  0.39441399,  0.09009592,
          0.05955969, -0.14593177, -0.43836477,  0.01515608,  0.05755992]),
  41.57997449161369,
  10240),
 (array([-0.61441068,  0.33839238,  0.14564942,  0.39740178, -0.10070331,
         -0.02609861, -0.07667991, -0.41884377,  0.39189983,  0.29879011]),
  56.5975075940176,
  10240),
 (array([-0.0966111 ,  0.25000446,  0.12502365,  0.44023995,  0.31515312,
          0.14803194, -0.16762635, -0.00455086,  0.0818694 ,  0.1476135 ]),
  39.53098209286983,
  10240)]

Giá trị trung bình (mean) của Rosenbrock (d=10, n=1024) trong ES: 49.30149518519629
Độ lệch chuẩn (std) của Rosenbrock (d=10, n=1024) trong ES: 22.516601210380156