all_results
[(array([ 8.06700502e-03, -3.83461730e-02,  3.95620026e-04,  6.17663057e+00,
         -6.94926454e+00, -7.72393251e+00, -8.16293096e-02, -3.11274606e-02,
          2.25395093e-02, -9.92231711e+00]), 0.06416815141581478, 5056),
 (array([ 8.78191242e-03,  2.98721972e-02,  1.07548492e+01, -1.87108489e+01,
          5.39779633e-02, -9.42356118e-02, -7.79143036e+00,  8.59005839e+00,
         -9.50286893e+00, -6.24063389e-02]), 0.2040540046306848, 5056),
 (array([-3.30226465, 13.46148994, -0.10362006, -6.27574721,  0.80635076,
          0.20305797,  0.36713312, -8.50541419,  9.95376926,  9.40581065]),
  0.25152317312022143,
  5056),
 (array([-9.53120277e+00,  1.79076487e+01, -1.44670186e-02, -6.19284040e+00,
         -1.22178523e-01, -6.47529651e-01,  8.12844985e+00,  2.39981365e-01,
         -8.81594935e+00,  9.55982681e-02]), 0.22118891702893673, 5056),
 (array([ -0.07022979,   4.21385899,  -5.42541319,   6.28417342,
           0.05202898,   0.20168568, -16.85067726,   0.07500673,
          -9.1668009 ,  -0.12020632]), 0.14110367840607252, 5056),
 (array([ 6.28284067e+00, -8.91617971e+00,  1.63454491e+01,  6.42489961e-03,
          6.42610873e-02,  7.57314120e+00, -8.20414188e+00, -7.45646251e-02,
         -9.69094156e+00,  1.97443428e+01]), 0.2564774326290461, 5056),
 (array([ 5.54373692e-03,  8.88075678e+00,  1.08549419e+01,  6.23212387e+00,
         -6.91350395e+00,  7.48560771e+00,  8.32004237e+00,  2.66299133e+01,
          9.33857536e+00,  1.40138208e-01]), 0.3080515705402591, 5056),
 (array([-3.05113861,  8.63617519,  5.26514975, -0.35668826,  7.06914205,
          0.3215307 ,  0.07101068,  8.19757849,  0.64132929, 19.36792543]),
  0.26036166041595066,
  5056),
 (array([ -0.07145795,   4.31431118,   0.08044165, -12.37673221,
          -8.08113347,  -7.88122398,  -8.05504222,  -8.37965964,
           9.53976868,   0.18187199]), 0.2743770248628393, 5056),
 (array([ 0.08751817, -0.02400818,  5.47921087, -6.31018044, 14.10869027,
          0.08206956, -0.21613372,  8.53032628,  0.21493633, -9.95102763]),
  0.12907568380463652,
  5056)]

Giá trị trung bình (mean) của Griewank (d=10, n=64) trong ES: 0.21103812968544622
Độ lệch chuẩn (std) của Griewank (d=10, n=64) trong ES: 0.07272639138602234