all_results
[(array([-23.48660224,  12.15069919, -12.75680864,   5.29786178,
           0.80591043,  13.83296548,  -0.48917388, -13.59428628,
         -13.09950059,  33.83508092]), 1.6460231355166206, 5120),
 (array([-11.85406205, -14.34220048,  -4.43796307,  -9.09509723,
          10.39477508, -27.67423999,   2.54737544, -13.07721956,
         -18.01804922,  13.35813516]), 1.5007513613473964, 5120),
 (array([-40.73234133,  38.72527703, -73.51305055, -90.49575393,
          -6.30730913,  -0.42612974,  78.81375626,  35.849153  ,
          -3.84022851,  74.30543755]), 8.456305642872344, 5120),
 (array([ 27.95965313, -17.00779602, -40.69319085,   4.59017176,
         -25.27190117, -22.22298292, -28.02205495,  -3.37729393,
           0.19575249, -35.4482013 ]), 2.483767036654116, 5120),
 (array([ 15.56030136,  21.55105393, -41.85008612, -28.41213152,
          74.88423914, 117.81076365,  76.48606402,  21.51704562,
         -43.59796692,  25.11023006]), 8.899109727289597, 5120),
 (array([-14.99411668,  31.84817167,   3.13627512, -47.25575332,
          12.82802524, -29.48870592,  46.13392318,   9.84680445,
          51.08260889,  -4.59783748]), 3.3430538413991218, 5120),
 (array([-9.61524628, 22.03481922, 22.06685141, -0.767062  , -0.50820005,
         21.38956269, 38.03970686, -4.67066518,  7.42308397, -9.30605309]),
  1.793300577355535,
  5120),
 (array([-31.28044979, -20.59116047, -36.9867298 ,  29.75152829,
          70.54797036, -16.16097019, -12.94671575,  14.46367698,
           2.95327447,  35.64626359]), 3.639710941832539, 5120),
 (array([ 15.34337947,  57.53808107,  74.03714325,  63.00671374,
          37.26516902,  16.81062764, -26.76858342, -54.97600232,
          -7.05539084,  17.21047521]), 5.732024796449671, 5120),
 (array([  1.74100574,   7.67959448, -14.64078552,  10.22535795,
         -22.97697291,  18.0807209 ,  16.20084936,  17.43515195,
          -2.22295684,  -9.47746872]), 1.4689893244608871, 5120)]

Giá trị trung bình (mean) của Griewank (d=10, n=128) trong ES: 3.896303638517783
Độ lệch chuẩn (std) của Griewank (d=10, n=128) trong ES: 2.695842238006223