all_results, all_fitness, num_evals
[ 1.94578998 -2.56127072  1.89802304 -4.5527728   1.13020404 -0.3225693
  3.92514949  3.13994612 -1.18627169 -0.81421671] 139.1271466626818 1000064
[-0.18103574 -3.12232064  4.20165369  2.09118528  3.96701538 -1.06391014
 -4.04812195 -4.46410862  2.46432915  0.25761476] 159.78836809262805 1000064
[ 0.10620195 -3.41021736 -4.34731321  4.3422118   3.09822555 -0.07352483
 -4.97394761  2.21340622  2.70748176 -2.05372341] 175.9496731382124 1000064
[-4.01708557  3.09358894  0.84292793  1.90480951 -0.96722643 -3.94784193
  2.44629445  2.01518272 -4.15769871 -1.78260627] 117.74783503042414 1000064
[ 0.13517985  0.85246522  1.08584993  0.02682693  2.31738384  1.0192847
 -1.26232812 -0.12019879  1.35913726  0.70002871] 78.32903998848815 1000064
[ 5.2492186  -0.83384204  0.7203071  -4.0325177   0.10191589 -2.98161217
  2.0219976  -0.50287806 -2.21344703  1.59188013] 140.93532830407077 1000064
[ 2.39784787  0.400904    0.14184296  1.79560042 -1.89056635 -2.12951451
  2.94916396  1.70229887 -1.69495181 -2.10835006] 117.6820955754113 1000064
[-3.23886143  1.91723607  1.06621326  0.17593844 -4.72616792 -2.92804007
  0.89139064 -0.86891285  2.94657041  0.82966537] 97.85215191479713 1000064
[ 3.46040469 -1.9444288   2.77983464  0.53830435 -1.91277493 -3.14488209
 -3.04171251  3.26023344  2.09854081  1.9081921 ] 133.1794639645651 1000064
[ 5.49352967 -3.20926966  1.44982549 -4.83460819 -2.00354009  4.04969903
 -0.94639774  3.77562244 -3.52253138 -3.98341239] 211.092270551187 1000064

Giá trị trung bình (mean) của Rastrigin (d=10, n=64) trong CEM: 137.1683373222466
Độ lệch chuẩn (std) của Rastrigin (d=10, n=64) trong CEM: 36.440415532646796

