all_results, all_fitness, num_evals
[ 2.08236111 -3.00805309  1.80987472 -4.77479002  1.12408272  0.06637382
  3.8512756   3.63008173 -0.90743812 -2.11936162] 119.12029703657333 1000064
[ 0.10800945 -2.34206041  3.09976422  3.43465981  3.89299808 -1.31354957
 -2.28308478 -4.70217112  2.07382077  0.04514074] 156.70579092060714 1000064
[ 0.40879424 -3.26153857 -3.13231577  4.53064719  3.87422737  0.31108054
 -4.73747843  3.25337643  3.00675535 -1.20921946] 197.16389494020697 1000064
[-4.10759825  2.6075496   1.14571669  2.06153024 -0.65143426 -3.03404833
  3.03851469  2.25372332 -4.18705052 -1.14067054] 133.01831653753538 1000064
[ 0.03416875  0.35758643  1.02481478 -0.39479526  1.76892776  1.00418928
 -1.46736834 -0.26235423  1.345199    1.11520496] 102.77067387029882 1000064
[ 5.81790878 -1.06405052  1.93116363 -3.70422368 -0.49504218 -1.71832312
  2.94043231  0.00645734 -2.16127894  1.17815599] 133.7722043036208 1000064
[ 2.0111959   0.10395957  0.20369258  2.36410764 -2.36607531 -2.05428455
  1.82706724  1.0072048  -1.40100661 -2.5222071 ] 118.59183241573514 1000064
[-1.9334312   2.20117871  0.81330887  0.90257642 -4.63714724 -1.95589158
  1.05340387 -0.29403308  3.03278117  1.91623565] 96.98514713795738 1000064
[ 2.89105937 -2.39583129  1.79373397 -0.83053105 -2.18716579 -3.55464562
 -4.03007541  2.12131758  2.23174699  0.41069761] 149.77911576794196 1000064
[ 4.99346345 -2.83934081  0.81776198 -4.15942307 -2.80569716  3.33819109
 -1.0527108   3.94854239 -3.13031583 -3.61783246] 168.18072583078077 1000064

Giá trị trung bình (mean) của Rastrigin (d=10, n=128) trong CEM: 137.60879987612577
Độ lệch chuẩn (std) của Rastrigin (d=10, n=128) trong CEM: 29.321496614981918

