all_results, all_fitness, num_evals
[ 1.78762393 -1.71192623  1.48999203 -3.9051689   1.08731574 -0.09148239
  3.03272072  4.09182183 -1.24782709 -1.07624604] 111.06703040620286 1000448
[-0.12822111 -2.6841282   1.96631324  1.79062859  3.27277351 -0.91695228
 -3.09003417 -4.87046427  1.89994832 -0.99811013] 107.87495484014701 1000448
[-0.14919714 -2.51133853 -3.88536885  3.85405018  3.90669896  0.52694551
 -3.93858057  2.17311252  2.95245501 -1.59863283] 159.98425433748375 1000448
[-3.18237396  1.04965521  1.05859334  1.93910099 -0.18428451 -4.52769813
  2.23998969  1.7810601  -3.78293515 -0.58299646] 137.1225547238481 1000448
[-0.99206277 -1.0090872   0.05762639 -0.06713675  1.35146476  1.76141092
 -1.96297231 -0.98820236  0.78568195  0.30006115] 60.43330996967971 1000448
[ 4.88348926 -0.27338836  2.22697514 -2.94326477  0.1049541  -3.4793962
  2.04036914 -0.00820902 -2.17687684  1.08079078] 112.118724641354 1000448
[ 2.02207474  1.17619954  0.49967359  1.16631031 -2.03270618 -2.02077709
  0.90946927  0.58566165 -1.28804148 -2.58468129] 106.85283027586209 1000448
[-1.9687965   2.17355477  0.93176391  0.7103775  -4.21899616 -2.18513213
  1.3318922  -0.43144723  2.13896247  1.27144999] 122.66758060513963 1000448
[ 1.87419189 -2.84466842  1.84751997 -0.92612501 -2.65214864 -2.2717741
 -3.85022881  1.79669841  2.08280716  1.03254526] 104.07741879167911 1000448
[ 5.05848657 -2.817723    0.92425451 -4.27020227 -2.1092313   2.37761093
 -1.41608932  2.46672841 -1.85683065 -3.03533986] 164.2873455327547 1000448

Giá trị trung bình (mean) của Rastrigin (d=10, n=512) trong CEM: 118.64860041241509
Độ lệch chuẩn (std) của Rastrigin (d=10, n=512) trong CEM: 28.470407478283725