all_results, all_fitness, num_evals
[ 1.21667641 -2.27829007  0.48028275 -4.86694051 -0.12629898 -0.82499478
  3.20177641  3.62655556 -2.14896146 -2.05736834] 143.6254424942541 1000192
[-0.2733406  -2.04815465  2.95273081  3.31683198  4.04064908 -0.92472111
 -1.9820872  -4.46911843  1.98245335 -0.51319901] 137.0212315322348 1000192
[-0.60355034 -2.95745957 -3.71889787  3.92144496  3.77009319  0.76838032
 -4.65606718  2.90507697  1.99941935 -1.55639349] 175.36788340115933 1000192
[-3.30316636  2.19024978  1.74807331  2.17952087  0.17997334 -3.23006502
  2.64268261  2.20434376 -4.1857728  -0.79964349] 150.34072907752764 1000192
[-0.8584169   0.04636193  0.06211085  0.06396631  0.77574374  0.64367891
 -2.31486329 -0.83829309  0.85029699  0.33782791] 76.96402584438339 1000192
[ 6.100196   -0.30112317  1.84259058 -2.95892327 -0.14150108 -2.94776812
  1.25035605 -0.24423975 -1.9300032   1.18163635] 115.49757160813263 1000192
[ 1.33026618 -0.1750561   0.18361238  1.85673356 -2.91666431 -2.31758439
  2.09101883  0.82090819 -1.76851867 -2.03901009] 93.39991584355765 1000192
[-1.6167636   1.92396198  0.01761916  0.89435934 -4.14306131 -3.07809795
  1.33604451 -0.81623279  3.14095125  1.78277092] 107.66884800912185 1000192
[ 3.36972973 -2.09848989  1.94566119 -0.40755806 -2.9854056  -2.50509065
 -3.00175248  2.37608327  2.78158094  0.18195314] 145.98874742782326 1000192
[ 4.83974424 -2.75924828  0.93408119 -4.52750044 -2.04483614  3.14678123
 -1.18048365  3.39138879 -2.27458904 -2.68696499] 179.8315248280148 1000192

Giá trị trung bình (mean) của Rastrigin (d=10, n=256) trong CEM: 132.57059200662096
Độ lệch chuẩn (std) của Rastrigin (d=10, n=256) trong CEM: 32.00166159880706