all_results, all_fitness, num_evals
[ 1.6959111  -2.76339841  2.66314505 -4.6404584  -0.23783329  1.46616098
  4.71958516  4.5356023  -0.48562311 -0.88305861] 1341.887913350103 1000032
[ 0.41692738 -2.10838614  4.33097719  3.10610613  5.24773567 -0.56209251
 -3.66721455 -4.05980707  3.17978001 -0.42743405] 956.798680656094 1000032
[ 0.38632893 -3.80420212 -4.51608186  4.98275537  3.89797471  0.34335941
 -4.57141174  2.69577085  2.09450557 -1.68368253] 764.1056012602677 1000032
[-3.02124132  4.00210122  1.85231872  2.22274166  0.15792075 -5.13855198
  2.99880562  2.6945697  -5.24789741 -1.19478033] 962.5409238166936 1000032
[-1.04627552  0.06506506  0.56570011 -0.39216607  2.31527817  0.75885286
 -1.27372559 -1.20417018  2.88927343  1.96935931] 1198.2216007629631 1000032
[ 5.74939136 -0.18044032  1.9577063  -4.17981359 -0.26355777 -2.91771014
  3.14319431 -0.71142319 -1.64025271  2.19900303] 154.3261314321758 1000032
[ 2.3656416   0.5107157   1.16958138  1.47241162 -2.43639981 -1.54940936
  3.0183623   1.92346    -2.20877887 -2.62675725] 956.4205319625703 1000032
[-2.90814938  2.5071153   1.19168475 -0.05563859 -4.77966735 -2.39462505
  1.11180457 -1.22340436  2.97649851  0.82694098] 127.85242044724633 1000032
[ 3.07361893 -3.05416693  2.30068674 -1.30022583 -2.7868465  -3.32780935
 -4.10086994  3.91088764  2.41460135  2.07171948] 160.15735425843266 1000032
[ 5.43630744 -3.01574837  2.72457342 -4.24544888 -1.31318248  4.79031952
  0.05039412  4.7288688  -2.46436965 -3.38322831] 1519.5468958454987 1000032

Giá trị trung bình (mean) của Rastrigin (d=10, n=32) trong CEM: 814.1858053792046
Độ lệch chuẩn (std) của Rastrigin (d=10, n=32) trong CEM: 481.9538579509476
