all_results, all_fitness, num_evals
[ 1.66171209 -1.92307268  1.59917649 -3.84709106  0.86433344  0.77989435
  3.21002436  3.72194357 -1.66179498 -0.80743228] 144.09837076697124 1000448
[-0.55480209 -2.28440565  2.6453683   2.23835088  4.07211332 -0.88661883
 -3.04386006 -4.49792972  2.00993964 -1.06407692] 151.14537275977344 1000448
[-0.10103722 -2.88506788 -4.073691    3.61141492  3.28560126  0.17030523
 -3.512267    1.7199375   2.95156819 -1.93451932] 150.24852450740403 1000448
[-2.00014916  2.21581696  1.90911899  1.96506405  0.88071989 -3.70570197
  3.34004174  2.61008488 -3.08986469 -0.04834776] 118.63693757909682 1000448
[-1.04786989 -0.27575334 -0.18471063 -0.91025082  1.31502072  0.15642814
 -2.53559154 -0.98076297  0.11163921 -0.18889358] 77.71526120137612 1000448
[ 4.41929876 -0.20415651  1.27686621 -3.04212828 -0.23499709 -3.05332578
  2.02806729  1.24306798 -1.88788816  0.85420484] 113.34133023904216 1000448
[ 2.14434616  0.95235908  1.12462857  1.43250957 -2.04661314 -2.01289786
  1.64870083  1.13552217 -1.38626453 -2.40705081] 110.80547579632484 1000448
[-1.65743199  2.66473436  0.9677414   0.77501676 -3.99380572 -1.83685819
  1.00043127 -0.43117678  2.34392108  0.98073493] 117.12443783153812 1000448
[ 2.34753531 -1.84399213  2.61247723 -0.24192013 -2.16207949 -1.58517137
 -2.76304583  2.99183136  1.96790736  1.9152921 ] 128.52437954998544 1000448
[ 4.82694117 -2.62238197  1.28363023 -2.99071229 -1.07155289  3.8147195
 -0.93235377  3.55680359 -0.40156083 -1.81887313] 159.36265500900157 1000448

Giá trị trung bình (mean) của Rastrigin (d=10, n=1024) trong CEM: 127.10027452405139
Độ lệch chuẩn (std) của Rastrigin (d=10, n=1024) trong CEM: 23.47485189788619