all_results, all_fitness, num_evals
[ 0.00199401 -0.00201308  0.00496221  0.00236957  0.00240936  0.02291562
  0.0082088  -0.01137514  0.00269741 -0.01648652] 0.07561452478942976 1000448
[-4.57543699e-03  2.20681976e-05  1.18852344e-02 -1.19180495e-02
 -7.25297512e-03 -3.90572265e-03  1.23400992e-02 -1.45591957e-03
 -8.04004563e-03  5.07026024e-03] 0.10590099736729519 1000448
[-0.00037825  0.00573257  0.0052763   0.00378629  0.01018991  0.004071
  0.00886401  0.00226567 -0.00399795  0.01801254] 0.11376123580773656 1000448
[-0.00278945 -0.00139278 -0.00794303 -0.00136869 -0.00920625  0.00194263
 -0.00773267  0.01202116 -0.01768475 -0.01124084] 0.0843806496752817 1000448
[-0.00103237 -0.00351841 -0.00540735 -0.00338308  0.00576322  0.00816039
  0.00794427 -0.00680249 -0.00268405 -0.00371223] 0.11323288800589604 1000448
[-0.0001255  -0.00267521  0.00318904  0.01303909 -0.00861149  0.00321883
 -0.00400982 -0.0079467  -0.01891616  0.00041319] 0.09775113799944524 1000448
[-0.00331443 -0.00040846 -0.00121271 -0.00124409  0.00013767 -0.0040097
  0.00269684 -0.000339    0.00580761 -0.01218711] 0.08772499214178253 1000448
[ 0.00555479 -0.00787394  0.00632899  0.00152074  0.01131813  0.01145859
  0.00373556  0.01423444  0.015293   -0.02636043] 0.1003629243860994 1000448
[ 0.00115389  0.00458481 -0.00207512  0.01474784 -0.02122406  0.00573558
 -0.00548656 -0.00619834  0.01171383  0.0039227 ] 0.06420562754887427 1000448
[ 0.00165943  0.00602593  0.00407573 -0.00663098  0.01158455 -0.01212052
 -0.00529436  0.00525886  0.0065417   0.00184261] 0.06099201367730489 1000448

Giá trị trung bình (mean) của Griewank (d=10, n=512) trong CEMv2: 0.09039269913991456
Độ lệch chuẩn (std) của Griewank (d=10, n=512) trong CEMv2: 0.01809320569152828