all_results, all_fitness, num_evals
[ 3.69781879e-03  2.94076517e-02  7.82810396e-03  1.76673876e-02
 -1.60678749e-02  5.46015954e-05  1.11794661e-02  3.58418560e-02
 -2.06305659e-02 -1.74653345e-02] 0.14754569005823037 1000064
[-0.01567548 -0.00349518  0.02027883  0.00675426  0.01365581 -0.0033938
  0.00775694  0.02362444  0.00298636 -0.00833756] 0.09927091676958244 1000064
[ 0.00185004 -0.00332002 -0.00173207  0.049236   -0.00623349  0.02482439
  0.0072537  -0.01367472  0.01025479  0.05070399] 0.09001221508400126 1000064
[ 0.01253186  0.0032563   0.00294945  0.01049383  0.00135947  0.01505667
 -0.01603656 -0.00924876  0.00170225  0.01557812] 0.1104433432718831 1000064
[-0.00077719 -0.00421098  0.0128214   0.01248518 -0.02024675  0.00228851
  0.00487448  0.02706007 -0.02405228 -0.00639929] 0.1302716768165756 1000064
[ 0.00277069  0.00300372  0.01582797  0.02676062 -0.02080806 -0.02461739
 -0.01422794 -0.00037619  0.0407638   0.01788991] 0.11957423480209406 1000064
[-0.00966549 -0.00321867  0.02231224  0.00765653 -0.00382261 -0.00083162
  0.00521515  0.03169523 -0.00959351 -0.06380483] 0.10415190473755642 1000064
[ 0.00773027  0.01045464  0.01074815 -0.0062661  -0.01317522 -0.01450105
  0.01437599  0.00291606  0.02069642  0.00182225] 0.04783470643496979 1000064
[-0.02218417 -0.00360724 -0.01152073  0.00647348 -0.01328048 -0.00797591
 -0.03239339 -0.02115744  0.00727371  0.04718953] 0.1113269306692577 1000064
[ 0.00533878 -0.00639842 -0.00954129  0.00127777 -0.02020118 -0.0481791
  0.00163219 -0.02307286 -0.00443738 -0.04207854] 0.12347850771923363 1000064

Giá trị trung bình (mean) của Griewank (d=10, n=64) trong CEMv2: 0.10839101263633844
Độ lệch chuẩn (std) của Griewank (d=10, n=64) trong CEMv2: 0.025462469391674146