all_results, all_fitness, num_evals
[ 2.39499048e-05  1.97747231e-02 -5.50025742e-03  3.14750161e-03
  7.61891103e-03  1.62860365e-02 -6.30418224e-03 -1.57369050e-02
  1.52628592e-02  4.10478744e-03] 0.095632015890739 1000064
[ 0.00480204 -0.00280646 -0.01306102  0.02591327 -0.0230072  -0.00120099
 -0.00638123 -0.01125994 -0.00921166 -0.02811346] 0.07925090016284164 1000064
[ 0.01360299  0.00231162  0.01353318  0.0023791   0.02162193 -0.0125746
 -0.00239351  0.02178923  0.00707246 -0.00036527] 0.11482525169382307 1000064
[ 0.00156286 -0.02004341  0.005497    0.00748051 -0.01350783  0.0117804
 -0.03048748 -0.01477777  0.02282098 -0.01716702] 0.10945153434982047 1000064
[-0.0081541   0.00734452 -0.00719442 -0.00650804 -0.0144876   0.01099084
 -0.00366161  0.01832036 -0.00409258  0.03202524] 0.09268930322963143 1000064
[-0.00366025 -0.00595754  0.00901666 -0.00186889 -0.01584626 -0.00477551
  0.02481781 -0.0068649  -0.03425702 -0.00906681] 0.12884728209750163 1000064
[-6.27995535 -8.88078268 -5.42896523 -6.27885044 -6.9991546  -7.67964487
 -8.27482369 -8.84424512 -9.40828419 -9.89033672] 0.23242599101841477 1000064
[ 0.00666714 -0.00247548 -0.00757113 -0.00247369 -0.00139842  0.00641209
  0.01749426 -0.01499113 -0.00922121 -0.00096043] 0.07605972830789154 1000064
[-0.0043694   0.0068942   0.01361956 -0.00140565  0.00497843 -0.00016284
  0.00351787 -0.01979997  0.01569779 -0.01197088] 0.07554478988661395 1000064
[-0.00700373  0.00182272  0.01514326 -0.00294838  0.00220284 -0.00895729
 -0.02113552 -0.00606796 -0.00505668 -0.00118638] 0.08870396870414166 1000064

Giá trị trung bình (mean) của Griewank (d=10, n=128) trong CEMv2: 0.10934307653414192
Độ lệch chuẩn (std) của Griewank (d=10, n=128) trong CEMv2: 0.04427961441754326