all_results, all_fitness, num_evals
[ 0.00284287 -0.00104365  0.00471364  0.0050884  -0.00203207 -0.00472383
  0.00643756  0.00410981 -0.00819675  0.00885212] 0.0740295926313419 1000192
[ 0.00420387  0.00223046  0.00797151  0.00272833 -0.00932925 -0.02077547
 -0.01136892 -0.0117989  -0.00230887 -0.00476908] 0.06795498110321607 1000192
[ 0.00424476  0.01236702  0.01363418  0.0147317   0.00866091 -0.0035765
 -0.00253201 -0.00286494 -0.00263214 -0.00687002] 0.06964482017034845 1000192
[ 7.78513809e-04 -1.17740086e-02 -8.57700315e-03 -1.23928093e-02
  8.46804265e-04 -8.86580444e-03 -6.53601287e-03 -2.83100005e-03
 -3.24049909e-06 -8.30405380e-03] 0.08239588097743422 1000192
[-0.00489854  0.00214964 -0.00041474  0.00835761 -0.00390194 -0.00979267
 -0.00513392 -0.00797926 -0.00170402  0.00279168] 0.10240690122537621 1000192
[-0.00769927  0.00109247  0.00496878  0.00465704 -0.00185268  0.00490513
 -0.00670216 -0.00785397 -0.01049276 -0.00849939] 0.13383568311074723 1000192
[ 0.00524926 -0.01014174 -0.00160229 -0.00295978 -0.00185486 -0.00940669
  0.00796882 -0.01037996  0.00361921  0.00796368] 0.11754146707909796 1000192
[ 0.0016082   0.0022378  -0.00339216  0.00169287 -0.01348062  0.00727328
  0.0241207  -0.0112105  -0.01475806 -0.00692705] 0.1043225226848703 1000192
[-0.00238602  0.00476012 -0.00235802 -0.01227006 -0.01183687  0.01257243
 -0.0055819  -0.0021998   0.01219888 -0.00795832] 0.07978675347524167 1000192
[-0.0078569   0.00289131  0.0025095   0.00097066  0.00885259 -0.00560406
  0.02629938  0.01221568  0.00756833 -0.01808358] 0.07827105722094108 1000192

Giá trị trung bình (mean) của Griewank (d=10, n=256) trong CEMv2: 0.0910189659678615
Độ lệch chuẩn (std) của Griewank (d=10, n=256) trong CEMv2: 0.02117511205465116