all_results, all fitness, num_evals
[ 1.90280357e-02  2.77519668e-02  5.54420186e-02  1.94434776e-02
  7.96567069e-02 -2.10326769e-02  8.78988767e-02 -3.32673963e-05
  9.36352130e-02  2.52755826e-03] 0.42422648367495996 1000032
[-0.00090429  0.01402676  0.00869066 -0.01602116  0.03069632 -0.01876598
  0.15786082 -0.05490305 -0.08389125 -0.11339638] 0.16330657306369767 1000032
[-0.00244244  0.0113599  -0.02503825 -0.00533936  0.05138418  0.02203169
 -0.03352679  0.02205011  0.06490407  0.06687005] 0.19197654152965737 1000032
[ 0.01360672  0.02529822 -0.0265571  -0.03429929 -0.01039787 -0.02076347
 -0.06345577 -0.07162763 -0.12741264 -0.00331873] 0.16752144586926476 1000032
[-0.0061211  -0.05836521  0.03949881 -0.01030525 -0.00405392  0.0410318
 -0.02955793  0.03329004  0.00953393 -0.00684411] 0.2678971573828566 1000032
[ 3.14302941  4.46075995 -0.07262078 -0.04230604  0.09970893  0.05085404
  0.03090654 -0.10239228  0.03209627  0.0375522 ] 0.3302603326180701 1000032
[-0.00979718  0.0398382  -0.05845634  0.0040777   0.04975699  0.09150989
 -0.09032931  0.03909193  0.07073948  0.04533079] 0.29144578267409516 1000032
[ 0.0066959   0.06044701 -0.0338157  -0.03456602  0.09573372 -0.09370676
 -0.07233204  0.13860744  0.15015725 -0.11246104] 0.165886524056561 1000032
[-0.03901307 -0.02613797  0.0020102  -0.00665328  0.04128203 -0.06739279
  0.10348062  0.01374601  0.04982212  0.11634613] 0.11520784460167677 1000032
[ 0.02236513  0.01331094  0.01510436 -0.0316908   0.01043972 -0.00565486
 -0.02016792 -0.04945171 -0.01764326 -0.11057801] 0.15590049246126836 1000032

Giá trị trung bình (mean) của Griewank (d=10, n=32) trong CEMv2: 0.22736291779321077
Độ lệch chuẩn (std) của Griewank (d=10, n=32) trong CEMv2: 0.09246306184133816