all_results, all_fitness, num_evals
[ 0.00034447 -0.00052679 -0.00957342  0.01184945  0.01384098  0.00270305
 -0.02508169 -0.004889    0.00838404  0.00497496] 0.055560831677408884 1000448
[-0.00096671  0.00433385 -0.00193807 -0.00931275 -0.00034482  0.00304406
 -0.00698094  0.00184941 -0.005731    0.00118161] 0.09365171559399788 1000448
[ 0.00215516 -0.00187923 -0.00120757  0.00480158  0.00727571  0.00701753
  0.0074888  -0.00755216 -0.00697735  0.00058475] 0.10263062008575419 1000448
[-0.00163647 -0.00038312  0.00566405 -0.00287379 -0.00194949 -0.00040058
  0.00976418  0.0084599  -0.00550913 -0.00094979] 0.061064837247521986 1000448
[-0.00521686  0.00705963 -0.00520665 -0.0023952   0.00336148  0.00087039
  0.00032942  0.00748707 -0.00199524 -0.00448258] 0.08161349031630172 1000448
[ 0.00218068 -0.0020327   0.00421744  0.009474   -0.00147101 -0.02188172
 -0.00524559  0.01447029 -0.00200369  0.00353312] 0.07669320988098682 1000448
[ 4.23859796e-03 -1.65562368e-05  3.69932820e-06  1.19844228e-02
 -5.83195085e-03 -6.06920159e-03 -9.36574311e-03  2.64552291e-03
 -1.26221105e-04  1.62286727e-02] 0.07420615948552756 1000448
[ 0.00219338  0.00326566  0.00035846  0.0049854  -0.009564   -0.005684
  0.00681288  0.00567774 -0.00404631  0.00986734] 0.0728186265257944 1000448
[-0.00192066 -0.00550112 -0.0074888   0.00446193  0.01460196 -0.00037313
  0.00080346 -0.00389418  0.0062629   0.001543  ] 0.12773766674809373 1000448
[-0.00463593  0.0009636   0.00485692 -0.00661315  0.00501649 -0.00476538
 -0.00812094  0.00280366  0.01091639  0.00779762] 0.05517512598262331 1000448

Giá trị trung bình (mean) của Griewank (d=10, n=1024) trong CEMv2: 0.08011522835440105
Độ lệch chuẩn (std) của Griewank (d=10, n=1024) trong CEMv2: 0.02155929726697321