all_results
[(array([-7.89435674e-03,  9.44767181e-03, -2.20967067e-03, -1.98766769e+00,
          9.96637060e-01, -3.13930702e-03,  1.99444520e+00, -1.99472539e+00,
          2.98622328e+00, -3.41242183e-03]), 21.934937547959706, 5120),
 (array([-3.97744123e+00, -2.98429948e+00,  1.99181347e+00,  1.99044387e+00,
          2.98117205e+00,  5.83043482e-03,  1.98776200e+00, -9.95484648e-01,
         -1.98852799e+00, -1.55681021e-03]), 50.75589375392897, 5120),
 (array([-3.19165989e-03, -9.95313790e-01, -4.97301559e+00,  9.93781463e-01,
         -2.98548667e+00,  2.98776317e+00,  9.93171023e-01,  9.93805270e-01,
          1.99012959e+00,  2.25837601e-03]), 50.749130963725506, 5120),
 (array([ 1.99181869e+00, -2.98403198e+00, -3.98129063e+00, -5.85218724e-04,
         -9.93355721e-01, -1.34498869e-03, -1.99218500e+00,  3.98084960e+00,
         -2.98397138e+00,  1.98840985e+00]), 62.68622759193185, 5120),
 (array([-9.94467152e-01, -1.34922973e-03,  1.00004374e+00, -2.97709890e+00,
         -2.25736712e-03, -4.28589261e-03,  9.91524849e-01,  4.35602130e-03,
          9.98366275e-01, -9.96614241e-01]), 13.96040004924342, 5120),
 (array([ 4.97474202e+00,  1.99102861e+00,  4.97299729e+00,  2.98490751e+00,
         -1.98936441e+00, -2.98458123e+00, -6.45539724e-04,  2.98414831e+00,
         -3.97924569e+00,  9.93564771e-01]), 101.48662255796985, 5120),
 (array([ 9.96181639e-01,  3.55591195e-04,  4.97459043e+00,  8.88152787e-04,
          9.97413402e-01, -8.94525574e-04,  1.98990432e+00,  9.38636115e-04,
         -9.95766230e-01,  9.93731337e-01]), 32.83582714595952, 5120),
 (array([ 1.99226018e+00, -1.95948157e-03,  9.91920699e-01, -9.93506219e-01,
          9.96017427e-01,  9.94396654e-01, -2.03951225e-03, -2.68971320e-03,
         -9.89342615e-01,  1.99160099e+00]), 12.947920453601611, 5120),
 (array([ 3.98190831, -0.997957  , -1.98356542,  0.98439393, -1.99644042,
         -2.98420126,  4.97615978,  2.98214262,  0.99908352,  3.98341614]),
  85.61507854919122,
  5120),
 (array([ 1.99233307e+00,  9.93531872e-01, -9.96687104e-01, -3.88667963e-03,
         -2.98266833e+00,  9.98842315e-01, -3.98437262e+00,  3.98113330e+00,
          1.15912107e-03, -1.98865593e+00]), 51.75180423447901, 5120)]

Giá trị trung bình (mean) của Rastrigin (d=10, n=128) trong ES: 48.47238428479907
Độ lệch chuẩn (std) của Rastrigin (d=10, n=128) trong ES: 27.955460485279804