all_results
[(array([-2.93618851,  0.37351151,  0.04647829,  1.03269925,  1.9443286 ,
         -0.06637965,  2.86217207, -2.95175155, -2.03863643,  0.05875214]),
  59.516777922587075,
  10240),
 (array([-0.87922198,  0.97781212, -1.97964345, -1.95949442,  0.89367348,
          3.06997913,  0.92477887,  2.92908552,  3.13161773,  2.95657233]),
  59.71149407205498,
  10240),
 (array([-1.09587014, -0.98845733,  1.92895597, -2.09601624, -0.9679334 ,
         -0.99410871,  1.9208215 , -1.06608455,  0.31845882,  0.93577915]),
  39.796061717999876,
  10240),
 (array([ 0.06813386,  1.01077148, -2.8466391 , -2.04241177, -2.06714543,
         -0.96036728,  0.1982778 , -2.03730688,  3.84055792,  0.9579118 ]),
  57.15213457779548,
  10240),
 (array([-0.09217549, -5.08992337,  1.0828754 , -1.01206171,  2.05152117,
         -3.0079765 , -0.03733392,  1.87459653, -2.00747016,  0.83872811]),
  62.63036465433142,
  10240),
 (array([-1.01558458,  2.02107112, -0.86716067,  2.73417752,  1.0590332 ,
          0.09521775, -1.96006051, -2.15590616, -0.65714549, -2.07543175]),
  65.88469629339023,
  10240),
 (array([ 0.04328262, -2.08328587,  0.95592281, -1.10611784,  0.90624183,
          1.02149232,  1.17277694,  0.09895213, -0.19102383,  0.99762135]),
  30.353190686131477,
  10240),
 (array([ 1.97662325,  2.0388794 , -1.03411636,  3.89976892,  0.04406013,
         -0.09470909,  1.05095672, -1.87655906, -3.05856559,  4.12862845]),
  67.16004810612444,
  10240),
 (array([-1.84733363e+00, -1.82329178e+00, -2.54882453e-01,  8.73133954e-04,
          1.88646895e+00, -8.27179408e-01,  2.30450829e-01, -1.37005931e-01,
          6.81244279e-02, -2.06838375e+00]), 57.36563563450615, 10240),
 (array([ 1.12357975, -0.99619661, -1.16351648,  1.00203432,  0.16411509,
         -2.13637089,  0.9690763 ,  0.06022641, -2.25350622, -1.94310732]),
  46.76136980232238,
  10240)]

Giá trị trung bình (mean) của Rastrigin (d=10, n=1024) trong ES: 54.633177346724345
Độ lệch chuẩn (std) của Rastrigin (d=10, n=1024) trong ES: 11.32496185455576