all_results
[(array([ 2.98500006e+00,  1.14428289e-04, -1.98992565e+00,  9.94925082e-01,
          2.98481008e+00, -9.94886249e-01, -9.94929199e-01, -1.98990789e+00,
          3.38399217e-05, -9.94952573e-01]), 29.848709925280573, 5056),
 (array([-2.98486839, -1.98991113, -0.99494465,  1.98989218, -1.98991671,
          5.96958524, -1.98991036, -2.98482414,  0.99494885,  1.9899009 ]),
  75.61626890929332,
  5056),
 (array([ 1.98985518e+00, -9.95019864e-01,  3.97987256e+00,  9.95019582e-01,
          9.95042980e-01,  9.95007781e-01,  1.98992141e+00,  2.46603052e-05,
          9.94930369e-01, -1.09393850e-05]), 28.853707340637616, 5056),
 (array([ 1.98990844e+00,  2.98483507e+00, -7.20026030e-06,  1.98990143e+00,
         -9.94949562e-01,  3.97979837e+00,  9.94966771e-01, -2.98484412e+00,
         -4.97469875e+00,  1.98989359e+00]), 72.63158119294718, 5056),
 (array([ 3.97978569e+00, -2.98484817e+00, -9.94943548e-01,  1.87432567e-05,
         -6.09263250e-06,  2.98484899e+00,  9.94954238e-01,  9.94946740e-01,
         -9.94974166e-01,  4.97469733e+00]), 62.68200566797178, 5056),
 (array([ 9.95022352e-01,  1.30661641e-05,  1.20557316e-05,  1.98987413e+00,
          9.94942865e-01,  2.80891642e-05, -1.58682817e-05, -2.98488791e+00,
         -9.94945703e-01, -1.98987034e+00]), 19.899142790325087, 5056),
 (array([-2.98486246e+00,  3.97977385e+00,  1.35628505e-05,  5.88786748e-06,
         -2.98487694e+00,  9.94952332e-01, -2.98485801e+00,  9.94956559e-01,
         -9.94990641e-01, -1.98992565e+00]), 49.747756288516825, 5056),
 (array([ 9.95005075e-01,  1.98995521e+00, -9.94934042e-01, -9.94994466e-01,
          9.94983674e-01, -3.92190361e-05, -9.94945596e-01, -9.94965055e-01,
          1.98989680e+00,  2.40480050e-05]), 13.929418524662477, 5056),
 (array([ 1.98991627, -0.9949812 , -1.98992309, -1.98992828, -2.98485661,
         -3.97978543,  4.97470089,  3.97975773, -2.98484198, -0.99494245]),
  88.55082510866552,
  5056),
 (array([-0.9949888 ,  1.98992033,  0.99493658,  3.97981381, -1.98991858,
          1.98991016, -2.98486192,  2.98485036,  0.99491548,  1.98991517]),
  52.732649068322026,
  5056)]

Giá trị trung bình (mean) của Rastrigin (d=10, n=64) trong ES: 49.449206481662245
Độ lệch chuẩn (std) của Rastrigin (d=10, n=64) trong ES: 24.249261813314682