all_results
[(array([-2.02461327, -1.03751117,  1.89592524,  2.00672691,  1.97348704,
         -0.00553007, -0.05565146, -2.00699235, -1.94365328,  1.02930435]),
  29.57619727438086,
  10240),
 (array([-2.00545542, -1.95579271,  0.00883285,  3.99302258, -0.94967256,
          0.97401303,  0.02763406,  0.92728604,  1.05347429, -0.01937359]),
  30.464809889147602,
  10240),
 (array([-0.97419559, -3.94022713,  2.03419325, -2.00079757,  1.98093226,
         -0.99030652,  2.06510769, -1.93907923,  2.03147205, -0.96295181]),
  45.761044884746326,
  10240),
 (array([ 1.01716362e+00,  2.94877246e+00,  2.97782665e-02,  9.84974111e-01,
         -2.97128772e-02,  5.03610727e+00, -1.02650379e+00,  2.60283692e-03,
          9.83643290e-01,  9.63436303e-01]), 40.689569634651065, 10240),
 (array([-8.64815585e-03, -2.97704106e+00, -6.87713422e-03,  1.99887218e+00,
         -9.77522002e-01,  2.00821307e+00,  1.97492765e-04,  1.64025610e-02,
         -9.84426176e-01,  9.77006096e-01]), 20.21694216193435, 10240),
 (array([ 2.94744051, -0.99373305,  0.96911454,  1.0081861 ,  0.06731791,
          0.98551294,  1.99485989,  0.94667269, -0.01634994, -1.0273412 ]),
  20.970598893545716,
  10240),
 (array([-1.98102519,  0.99707972,  2.99814057, -2.96974532,  2.95851131,
          3.98744317, -4.98317443, -2.9783468 , -0.99833167, -1.98148537]),
  86.84370730196223,
  10240),
 (array([ 2.60986039e-02,  9.81643499e-01, -9.71316931e-01,  1.98481239e-03,
          7.47717960e-03, -3.01668942e+00, -9.67547355e-01, -3.25166821e-03,
         -9.61081188e-01,  2.02410662e+00]), 18.015615401881824, 10240),
 (array([-0.02553871, -2.98463804, -0.00668715,  0.01311847, -0.02683456,
          0.00604297, -3.01676804, -1.96364557,  1.96618947, -1.99449773]),
  30.62318423050531,
  10240),
 (array([-9.92292225e-01, -9.84386540e-01,  2.96460165e+00,  2.95429384e+00,
          1.97800716e+00, -9.77430044e-01, -4.21169147e-04,  2.18273436e-02,
          9.80547423e-01,  1.98535893e+00]), 30.364046420023232, 10240)]

Giá trị trung bình (mean) của Rastrigin (d=10, n=512) trong ES: 35.35257160927785
Độ lệch chuẩn (std) của Rastrigin (d=10, n=512) trong ES: 19.050366376802007