all_results
[(array([-0.96506132, -0.047703  ,  1.0147979 , -1.05561239, -3.94738396,
          0.93637442,  1.904359  , -2.03380535, -1.00144005,  1.95996719]),
  37.098732641558605,
  5120),
 (array([ 0.96954999, -2.02954936, -1.07023007, -0.02030919, -1.08036024,
         -2.99027307,  0.99883934,  1.93711718,  2.03713869,  1.01574166]),
  29.996240995818688,
  5120),
 (array([ 0.94625906,  1.98514878, -2.95865968,  3.04039868, -1.89454863,
         -0.93274187, -1.06638599,  3.99354424, -2.95428359,  0.98236877]),
  59.66794483389649,
  5120),
 (array([-0.02338917, -1.03854398,  0.98331953,  0.06148174, -1.01712821,
         -1.94707943, -1.02579346, -2.01055636, -1.00982547, -0.99954026]),
  15.958009985502164,
  5120),
 (array([ 3.00307519e+00,  2.01000410e+00, -1.01988417e+00, -1.99403124e+00,
         -1.00416247e-03,  9.78278360e-01,  4.94709350e+00,  9.93442463e-01,
         -4.96819221e+00, -2.99408114e+00]), 79.1017257346455, 5120),
 (array([-2.91729357,  2.0604125 ,  0.03931082,  2.03480815, -2.10852433,
         -0.01374029,  0.93996379,  0.99823477, -0.0488077 , -0.96089051]),
  30.4672654488918,
  5120),
 (array([-0.04662913,  0.99501622,  1.06127191,  0.96846318,  0.06298886,
          1.96006609,  2.06012752,  0.97079402, -2.02181435, -3.04194972]),
  29.187064471889045,
  5120),
 (array([ 1.9481096 ,  1.05263109, -0.99126003,  0.01928994,  0.96969164,
         -0.93409312,  2.00935484,  2.0240685 , -2.00728439,  0.09251954]),
  23.83861626359642,
  5120),
 (array([ 5.98341633, -0.01717125, -2.95171104, -2.03447592,  1.01817033,
         -2.97786948, -0.97192302,  0.00722266,  0.98728725, -0.00746648]),
  61.64996583577352,
  5120),
 (array([-0.97405233, -0.95873187, -2.05318441,  0.09788198,  0.02802406,
          2.99229461,  1.05464077,  0.95623918,  1.04617934, -1.93993402]),
  27.03189106879465,
  5120)]

Giá trị trung bình (mean) của Rastrigin (d=10, n=256) trong ES: 39.399745728036685
Độ lệch chuẩn (std) của Rastrigin (d=10, n=256) trong ES: 19.247222097842265