all_results
[(array([-1.29211907e-09,  5.96957278e+00, -1.98991224e+00,  3.97978386e+00,
          3.54672325e-09,  1.68247277e-09,  1.52042453e-09, -1.98991224e+00,
         -2.80986044e-10,  1.98991224e+00]), 63.67672929692053, 5024),
 (array([ 9.94958641e-01,  2.98485570e+00, -9.94958637e-01,  2.98485570e+00,
          1.98991224e+00, -2.98485571e+00, -3.97978386e+00,  3.97978385e+00,
         -5.28251788e-09,  1.98991222e+00]), 68.65187180467893, 5024),
 (array([ 2.98485569e+00,  2.77778689e-09, -9.94958632e-01, -5.96957278e+00,
          3.97978386e+00, -9.94958638e-01, -2.98485571e+00,  3.97978386e+00,
          2.98485570e+00, -9.94958632e-01]), 97.5051604134607, 5024),
 (array([ 1.98991222e+00, -1.98991223e+00,  9.94958643e-01, -4.97469140e+00,
          2.24333343e-10, -5.96957278e+00, -3.97978386e+00, -5.48776080e-09,
          1.98991223e+00, -3.97978388e+00]), 105.46465508101765, 5024),
 (array([ 2.98485570e+00,  9.94958635e-01, -1.98991223e+00,  9.94958642e-01,
          2.57049249e-09,  2.98485570e+00, -9.12911371e-10, -9.03531627e-09,
          9.94958645e-01,  1.04774995e-10]), 24.873910844808023, 5024),
 (array([ 1.53461917e-08, -2.83202737e-09, -9.94958634e-01,  9.94958629e-01,
          1.98991222e+00, -9.94958633e-01,  9.94958635e-01, -9.94958649e-01,
          6.64857288e-09, -9.94958648e-01]), 9.949585533113991, 5024),
 (array([-3.97978386, -3.97978385,  5.96957278, -3.97978386,  2.98485571,
          4.9746914 , -1.98991224,  2.98485571,  1.98991223, -2.9848557 ]),
  143.27291235029276,
  5024),
 (array([-1.69821504e-09,  3.97978386e+00, -2.98485570e+00,  9.94958638e-01,
          9.94958637e-01, -9.94958632e-01,  1.98991224e+00, -2.98485570e+00,
          1.98991223e+00, -9.94958638e-01]), 45.76794488491689, 5024),
 (array([-0.99495864, -2.9848557 ,  2.98485571, -5.96957279, -1.98991223,
         -0.99495864, -2.9848557 , -3.97978386, -0.99495863, -0.99495863]),
  86.56070686864666,
  5024),
 (array([-1.98991222e+00, -1.53159588e-09,  9.94958627e-01, -9.94958609e-01,
          1.98991223e+00,  2.98485570e+00, -6.12277606e-09,  1.22236227e-08,
          1.98359870e-09,  9.94958660e-01]), 19.899140793875397, 5024)]

Giá trị trung bình (mean) của Rastrigin (d=10, n=32) trong ES: 66.56226178717314
Độ lệch chuẩn (std) của Rastrigin (d=10, n=32) trong ES: 40.39898248206791